74.18020630,-141.58555603,-45.65155792,152.000000,115.000000,88.000000,0.540913,-0.099528,0.835169
71.45985413,-143.79130554,-42.90618134,128.000000,96.000000,79.000000,0.810174,0.066921,0.582357
74.48260498,-143.66967773,-45.66488266,147.000000,120.000000,95.000000,0.483582,0.106987,0.868736
70.86118317,-143.61695862,-41.97752380,150.000000,126.000000,105.000000,0.769776,0.032367,0.637493
72.00440979,-142.40693665,-44.30326462,142.000000,109.000000,93.000000,0.762696,-0.091874,0.640198
71.66674805,-144.38583374,-43.52111816,132.000000,96.000000,76.000000,0.779372,0.129153,0.613106
74.28249359,-142.85884094,-45.79685211,153.000000,122.000000,95.000000,0.489354,0.028467,0.871620
71.67629242,-143.48023987,-43.87702560,146.000000,123.000000,100.000000,0.798367,0.067126,0.598418
76.05052948,-144.26589966,-46.51104736,150.000000,130.000000,101.000000,0.612327,0.038006,0.789691
71.79848480,-142.06729126,-43.29247284,152.000000,124.000000,104.000000,0.799491,-0.097570,0.592701
73.27701569,-144.56674194,-44.95844269,153.000000,122.000000,98.000000,0.583601,0.184375,0.790832
73.27079773,-141.21090698,-45.03213501,152.000000,117.000000,99.000000,0.619315,-0.174991,0.765394
75.47032166,-142.92295837,-46.19817734,153.000000,120.000000,96.000000,0.537423,0.051648,0.841730
70.61330414,-144.15275574,-41.69814682,152.000000,120.000000,90.000000,0.745136,0.029580,0.666256
71.60750580,-143.27307129,-43.42876816,139.000000,94.000000,75.000000,0.813950,0.029219,0.580200
72.22933960,-143.92198181,-44.75379181,152.000000,113.000000,89.000000,0.693838,0.156379,0.702947
76.10312653,-144.74085999,-46.51018143,153.000000,124.000000,98.000000,0.623822,0.009682,0.781506
72.17827606,-143.21612549,-44.83519745,153.000000,116.000000,93.000000,0.712169,0.041223,0.700797
73.00378418,-143.74592590,-45.29108429,153.000000,132.000000,97.000000,0.567845,0.140849,0.810995
73.17933655,-141.05632019,-44.82440567,153.000000,111.000000,94.000000,0.643443,-0.178819,0.744315
75.03116608,-143.03680420,-45.97455978,153.000000,124.000000,98.000000,0.503831,0.056907,0.861926
73.60775757,-143.76156616,-45.48950958,152.000000,133.000000,99.000000,0.517186,0.126747,0.846436
71.94097137,-141.27256775,-43.21856689,153.000000,129.000000,99.000000,0.765107,-0.126280,0.631399
72.00944519,-143.87803650,-44.54046249,152.000000,113.000000,89.000000,0.732150,0.142822,0.666001
71.23955536,-142.79496765,-42.45729828,151.000000,129.000000,102.000000,0.801445,-0.009623,0.597991
71.90966034,-141.46363831,-43.22031403,151.000000,135.000000,106.000000,0.775938,-0.123141,0.618673
71.95458984,-144.12023926,-44.41625977,153.000000,121.000000,97.000000,0.737533,0.162713,0.655416
73.62094879,-143.80816650,-45.46623611,152.000000,133.000000,99.000000,0.515930,0.133002,0.846243
75.19745636,-144.48361206,-45.76624298,152.000000,128.000000,97.000000,0.550412,0.084349,0.830621
74.08725739,-143.37911987,-45.68067169,150.000000,117.000000,94.000000,0.487308,0.082856,0.869290
72.20742798,-143.66735840,-44.80220795,152.000000,113.000000,89.000000,0.700469,0.120463,0.703443
73.42078400,-140.67614746,-44.67484665,152.000000,127.000000,102.000000,0.642194,-0.165483,0.748467
71.69565582,-143.81135559,-44.02376556,153.000000,138.000000,111.000000,0.785344,0.110095,0.609192
73.51634979,-140.77241516,-44.83177948,152.000000,99.000000,86.000000,0.624724,-0.161853,0.763887
74.78369141,-143.32943726,-45.81655884,151.000000,120.000000,96.000000,0.490752,0.080151,0.867605
72.68261719,-142.21101379,-45.18793869,153.000000,129.000000,102.000000,0.639822,-0.123214,0.758582
71.58374023,-142.40554810,-42.91551590,142.000000,121.000000,97.000000,0.811097,-0.052192,0.582579
75.99598694,-144.50013733,-46.42827225,153.000000,124.000000,98.000000,0.613289,0.029337,0.789313
75.08870697,-144.25729370,-45.75546265,152.000000,128.000000,97.000000,0.529585,0.099028,0.842457
75.07326508,-142.32675171,-46.04035187,146.000000,107.000000,82.000000,0.517259,0.001344,0.855828
74.46823120,-141.12347412,-45.60782242,146.000000,130.000000,102.000000,0.560752,-0.102877,0.821567
73.22876740,-140.35221863,-44.34078979,153.000000,122.000000,99.000000,0.666371,-0.152616,0.729835
74.57105255,-142.51544189,-45.88108444,150.000000,109.000000,87.000000,0.500602,0.006710,0.865652
73.46083069,-141.54264832,-45.34794998,152.000000,132.000000,111.000000,0.583578,-0.147760,0.798501
74.98712921,-142.10176086,-46.00584412,139.000000,119.000000,90.000000,0.523181,-0.017666,0.852038
71.01393127,-143.35949707,-42.17577362,150.000000,126.000000,105.000000,0.786900,0.029352,0.616382
71.89544678,-142.66920471,-44.14429092,142.000000,109.000000,93.000000,0.786006,-0.043745,0.616669
71.03671265,-143.41950989,-42.20092010,152.000000,118.000000,91.000000,0.790666,0.029388,0.611542
72.49948120,-141.56092834,-44.41920090,151.000000,111.000000,87.000000,0.706680,-0.176287,0.685219
72.55193329,-142.63290405,-45.16091156,153.000000,120.000000,102.000000,0.652378,-0.058786,0.755611
73.03046417,-141.35916138,-44.98382950,153.000000,111.000000,94.000000,0.636913,-0.178702,0.749938
75.84828949,-144.62469482,-46.27905655,150.000000,132.000000,106.000000,0.605267,0.032150,0.795373
73.18800354,-141.84298706,-45.38935471,153.000000,139.000000,109.000000,0.587089,-0.135253,0.798144
71.80388641,-140.97956848,-42.99602890,152.000000,127.000000,96.000000,0.755666,-0.101245,0.647085
72.74636841,-142.55456543,-45.32163239,153.000000,120.000000,102.000000,0.614331,-0.067304,0.786172
74.00138092,-141.90618896,-45.70209885,152.000000,141.000000,111.000000,0.528508,-0.084048,0.844758
75.24859619,-142.93144226,-46.07432556,153.000000,124.000000,98.000000,0.519125,0.051495,0.853146
71.60647583,-143.36430359,-43.44659805,139.000000,94.000000,75.000000,0.812174,0.049265,0.581331
71.69488525,-142.97413635,-43.63396454,138.000000,101.000000,78.000000,0.808301,-0.006862,0.588729
71.58767700,-143.71670532,-43.62322235,138.000000,99.000000,79.000000,0.805690,0.082154,0.586612
71.28521729,-143.14210510,-42.58001709,152.000000,119.000000,94.000000,0.808584,0.015152,0.588186
72.57973480,-142.95115662,-45.17179108,153.000000,115.000000,95.000000,0.637877,-0.001378,0.770137
71.74925995,-143.78097534,-44.23293304,153.000000,121.000000,99.000000,0.779099,0.110458,0.617093
70.62717438,-144.01152039,-41.71817780,153.000000,121.000000,93.000000,0.750348,0.032379,0.660250
71.89736176,-142.70565796,-44.19871521,142.000000,109.000000,93.000000,0.783552,-0.043766,0.619783
73.73126221,-143.10299683,-45.67305756,151.000000,106.000000,91.000000,0.498313,0.051074,0.865491
72.00498199,-142.39903259,-44.29150009,142.000000,109.000000,93.000000,0.762696,-0.091874,0.640198
72.91258240,-141.19920349,-44.66224289,150.000000,115.000000,90.000000,0.661065,-0.179454,0.728552
72.01609802,-144.51658630,-44.29564285,152.000000,122.000000,91.000000,0.726703,0.182828,0.662176
74.84020233,-143.04365540,-45.89400101,151.000000,104.000000,86.000000,0.491902,0.056811,0.868795
73.34078979,-142.75897217,-45.58669662,153.000000,125.000000,97.000000,0.533509,-0.009503,0.845741
71.30667114,-142.57086182,-42.53748322,152.000000,120.000000,97.000000,0.801222,-0.026475,0.597781
74.64308167,-144.21041870,-45.49700165,138.000000,114.000000,93.000000,0.500118,0.126117,0.856724
72.87833405,-140.95623779,-44.33282852,151.000000,123.000000,93.000000,0.683214,-0.179632,0.707779
74.90758514,-142.51570129,-45.97961044,146.000000,107.000000,82.000000,0.505224,0.017608,0.862809
75.83050537,-144.58631897,-46.26762009,150.000000,132.000000,106.000000,0.601649,0.035061,0.797991
72.51009369,-142.46591187,-45.13404465,153.000000,120.000000,102.000000,0.659084,-0.089144,0.746767
73.66544342,-140.30143738,-44.71802521,153.000000,132.000000,99.000000,0.636440,-0.148954,0.756807
74.02396393,-143.87954712,-45.49789810,153.000000,123.000000,99.000000,0.494332,0.129019,0.859645
72.57634735,-141.27740479,-44.18888474,150.000000,123.000000,96.000000,0.712304,-0.179225,0.678603
72.36055756,-142.01651001,-44.73963928,153.000000,133.000000,111.000000,0.697996,-0.146233,0.701011
75.24291229,-144.52703857,-45.79064560,152.000000,128.000000,97.000000,0.557919,0.078480,0.826176
75.33113861,-141.81558228,-46.19863892,150.000000,120.000000,94.000000,0.550553,-0.012295,0.834710
71.10676575,-143.07400513,-42.30654144,147.000000,107.000000,91.000000,0.796814,0.009633,0.604148
71.56796265,-141.85641479,-42.78534317,152.000000,130.000000,100.000000,0.793672,-0.076342,0.603537
74.64251709,-141.82551575,-45.87123871,152.000000,104.000000,83.000000,0.525576,-0.054370,0.849007
73.16095734,-140.51695251,-44.31699371,153.000000,122.000000,99.000000,0.672973,-0.162547,0.721585
72.13719177,-142.55171204,-44.70056534,153.000000,138.000000,109.000000,0.730504,-0.079876,0.678221
71.75196838,-143.89834595,-44.17558670,153.000000,138.000000,111.000000,0.777074,0.126293,0.616608
71.44910431,-142.78211975,-42.78775024,152.000000,120.000000,97.000000,0.815605,-0.020701,0.578238
71.31869507,-143.59457397,-42.61299515,141.000000,115.000000,94.000000,0.807678,0.046515,0.587786
75.67608643,-142.22351074,-46.41985321,153.000000,115.000000,94.000000,0.564397,0.017852,0.825310
75.45376587,-141.92832947,-46.28102112,150.000000,120.000000,94.000000,0.555009,-0.004071,0.831835
73.70986176,-140.99530029,-45.11016846,150.000000,119.000000,93.000000,0.600379,-0.157994,0.783953
71.42437744,-142.29061890,-42.66339874,153.000000,124.000000,97.000000,0.799527,-0.049528,0.598584
71.26454163,-144.32264709,-42.40124512,150.000000,117.000000,99.000000,0.786172,0.061353,0.614955
72.95799255,-140.98994446,-44.50786209,151.000000,123.000000,93.000000,0.667452,-0.179522,0.722689
73.17645264,-140.82135010,-44.58868408,152.000000,127.000000,102.000000,0.651264,-0.169298,0.739726
71.30015564,-144.07641602,-42.51252747,150.000000,120.000000,101.000000,0.794882,0.061364,0.603653
75.16834259,-142.40173340,-46.07689285,146.000000,107.000000,82.000000,0.526366,0.017682,0.850074
75.38255310,-144.28649902,-45.93385696,152.000000,128.000000,97.000000,0.556845,0.072632,0.827435
73.37715149,-143.72996521,-45.44763947,152.000000,133.000000,99.000000,0.530609,0.130094,0.837573
74.32270050,-141.92356873,-45.79750443,153.000000,129.000000,99.000000,0.520467,-0.063129,0.851545
73.07724762,-143.56712341,-45.36550903,153.000000,132.000000,97.000000,0.556521,0.118316,0.822366
71.91651154,-142.42616272,-43.91232300,142.000000,106.000000,79.000000,0.786087,-0.079330,0.613004
71.96547699,-142.29336548,-43.89258194,142.000000,106.000000,79.000000,0.782029,-0.094659,0.616012
72.43566895,-141.25343323,-43.92315674,153.000000,124.000000,98.000000,0.727098,-0.166150,0.666125
73.20781708,-143.20692444,-45.49364471,152.000000,112.000000,92.000000,0.539793,0.057484,0.839833
71.30877686,-143.18008423,-42.62124252,152.000000,119.000000,94.000000,0.808904,0.017976,0.587665
75.59253693,-142.98463440,-46.28558731,153.000000,120.000000,96.000000,0.548438,0.051898,0.834579
71.16557312,-143.29362488,-42.36912537,147.000000,107.000000,91.000000,0.798820,0.029276,0.600857
71.74697113,-143.40705872,-44.11774445,146.000000,123.000000,100.000000,0.791038,0.055387,0.609255
75.60490417,-142.11413574,-46.37771988,153.000000,115.000000,94.000000,0.555620,0.009556,0.831382
71.91651154,-141.94612122,-43.44813538,152.000000,124.000000,104.000000,0.789007,-0.113135,0.603877
73.05399323,-142.43786621,-45.47607040,153.000000,122.000000,99.000000,0.573879,-0.069777,0.815962
74.75688934,-144.04139709,-45.60717010,149.000000,121.000000,102.000000,0.500333,0.116792,0.857920
72.85486603,-140.51065063,-44.01434708,150.000000,129.000000,96.000000,0.696887,-0.156382,0.699924
73.58208466,-140.96920776,-45.02039337,152.000000,99.000000,86.000000,0.609608,-0.161856,0.776003
71.95457458,-141.82763672,-43.44147110,152.000000,124.000000,104.000000,0.785102,-0.119761,0.607678
73.22602081,-140.86465454,-44.67957687,152.000000,127.000000,102.000000,0.647695,-0.172211,0.742182
74.41831970,-141.03768921,-45.55248260,146.000000,130.000000,102.000000,0.565594,-0.112534,0.816969
74.60398102,-143.74269104,-45.66387939,149.000000,121.000000,102.000000,0.488023,0.110199,0.865847
74.16172791,-142.51007080,-45.81060410,153.000000,131.000000,102.000000,0.498561,-0.012094,0.866770
71.58924103,-141.45494080,-42.79409409,153.000000,129.000000,100.000000,0.774524,-0.088642,0.626303
72.34366608,-141.69874573,-44.30068970,151.000000,111.000000,87.000000,0.727776,-0.159533,0.667001
71.87393188,-143.71438599,-44.43117142,153.000000,121.000000,99.000000,0.761941,0.110533,0.638144
74.78200531,-141.02345276,-45.75907516,151.000000,127.000000,99.000000,0.565671,-0.081628,0.820581
72.73655701,-144.10592651,-45.02405548,153.000000,121.000000,99.000000,0.612624,0.184857,0.768453
73.69740295,-143.72184753,-45.52184677,152.000000,123.000000,99.000000,0.508031,0.123027,0.852507
76.06727600,-143.73017883,-46.61753464,151.000000,124.000000,103.000000,0.603025,0.052499,0.795993
72.70260620,-143.84797668,-45.10178375,153.000000,120.000000,100.000000,0.613976,0.155380,0.773881
71.01686096,-144.33113098,-42.10360718,153.000000,120.000000,89.000000,0.769914,0.043955,0.636632
75.75932312,-144.56828308,-46.20666504,150.000000,132.000000,106.000000,0.594696,0.043583,0.802769
72.09716034,-141.28424072,-43.42787552,152.000000,126.000000,96.000000,0.757304,-0.142463,0.637335
73.91504669,-144.32214355,-45.24094772,153.000000,118.000000,95.000000,0.520754,0.161716,0.838250
73.06179047,-142.48423767,-45.48506165,153.000000,122.000000,99.000000,0.572765,-0.063956,0.817221
71.73523712,-143.76388550,-44.19131851,153.000000,138.000000,111.000000,0.781665,0.110405,0.613850
73.41046143,-141.07467651,-45.00685883,152.000000,117.000000,99.000000,0.614878,-0.171558,0.769736
72.62709045,-144.40019226,-44.83139038,152.000000,117.000000,97.000000,0.637283,0.195968,0.745297
71.55182648,-143.44346619,-43.20156097,131.000000,103.000000,83.000000,0.812174,0.049265,0.581331
72.13759613,-142.43040466,-44.65190887,153.000000,138.000000,109.000000,0.732422,-0.098341,0.673711
73.08078766,-143.26475525,-45.42735291,153.000000,113.000000,96.000000,0.557715,0.066699,0.827348
71.47783661,-143.32676697,-42.93867874,139.000000,123.000000,97.000000,0.816432,0.034890,0.576387
74.27812195,-143.43046570,-45.69664383,147.000000,120.000000,95.000000,0.481710,0.085668,0.872133
73.45013428,-143.83351135,-45.42649841,152.000000,133.000000,99.000000,0.527274,0.136592,0.838645
75.71023560,-142.22647095,-46.44501114,153.000000,115.000000,94.000000,0.567546,0.017865,0.823148
71.77193451,-143.54806519,-44.27225113,153.000000,128.000000,100.000000,0.782470,0.079549,0.617587
72.66088104,-141.47604370,-44.64135742,150.000000,115.000000,90.000000,0.680086,-0.179616,0.710789
73.46173859,-143.03387451,-45.61497879,153.000000,125.000000,97.000000,0.516569,0.037193,0.855438
72.33692169,-141.13658142,-43.67782974,153.000000,124.000000,98.000000,0.742114,-0.159350,0.651057
71.20323181,-142.11424255,-42.37749863,153.000000,127.000000,101.000000,0.781071,-0.035183,0.623450
75.42304230,-143.62619019,-46.08425140,153.000000,121.000000,98.000000,0.539458,0.078285,0.838366
75.48921967,-144.64500427,-45.97584915,151.000000,131.000000,103.000000,0.575528,0.055149,0.815920
74.79196167,-143.85223389,-45.68554306,149.000000,121.000000,102.000000,0.495895,0.107182,0.861743
74.37954712,-141.02478027,-45.51884842,146.000000,130.000000,102.000000,0.568741,-0.115503,0.814367
72.48698425,-142.05278015,-44.97851944,153.000000,133.000000,111.000000,0.669420,-0.139901,0.729592
73.34815979,-144.32081604,-45.14603806,153.000000,122.000000,98.000000,0.567435,0.180066,0.803488
75.60445404,-141.96803284,-46.39574432,152.000000,111.000000,86.000000,0.562529,0.004086,0.826768
70.80584717,-143.85864258,-41.90252304,153.000000,110.000000,93.000000,0.763446,0.035279,0.644907
71.65084076,-141.17614746,-42.83916473,152.000000,127.000000,96.000000,0.762897,-0.088980,0.640367
72.46294403,-144.54315186,-44.60904694,152.000000,117.000000,97.000000,0.669740,0.196437,0.716143
72.76515961,-141.53784180,-44.92243195,152.000000,129.000000,104.000000,0.655266,-0.175654,0.734692
75.88562775,-144.74485779,-46.29850769,150.000000,132.000000,106.000000,0.612460,0.020832,0.790227
72.37464905,-143.35173035,-44.98550034,153.000000,112.000000,95.000000,0.669304,0.076948,0.738993
71.51191711,-144.25727844,-42.88996887,127.000000,94.000000,74.000000,0.793542,0.088494,0.602047
72.51318359,-143.60185242,-45.04612732,152.000000,120.000000,96.000000,0.648152,0.120138,0.751975
74.06914520,-142.81034851,-45.77202606,153.000000,122.000000,95.000000,0.490324,0.022963,0.871237
71.85336304,-143.12190247,-44.36355972,152.000000,122.000000,93.000000,0.779285,0.015280,0.626484
71.59300995,-143.31321716,-43.36857986,139.000000,94.000000,75.000000,0.817662,0.037738,0.574460
74.56578827,-144.61228943,-45.34907913,143.000000,105.000000,84.000000,0.519315,0.126556,0.845160
72.20938873,-141.26387024,-43.56438828,152.000000,126.000000,96.000000,0.752419,-0.152293,0.640838
73.78913879,-144.61994934,-45.03691101,153.000000,106.000000,90.000000,0.549404,0.166169,0.818867
72.83988953,-144.23132324,-45.02947617,153.000000,121.000000,99.000000,0.612624,0.184857,0.768453
71.54097748,-143.52641296,-43.13653946,131.000000,103.000000,83.000000,0.813639,0.055186,0.578745
75.65553284,-143.26170349,-46.31509399,152.000000,117.000000,94.000000,0.558559,0.060805,0.827233
73.99263763,-141.67657471,-45.62973022,152.000000,120.000000,96.000000,0.541897,-0.105489,0.833798
71.34452057,-142.36889648,-42.56482697,153.000000,124.000000,97.000000,0.799168,-0.040731,0.599727
72.48516846,-144.55729675,-44.61054993,152.000000,117.000000,97.000000,0.668258,0.196002,0.717645
74.70312500,-143.23698425,-45.80035782,151.000000,104.000000,86.000000,0.488578,0.074197,0.869360
71.89650726,-141.39445496,-43.18421555,151.000000,135.000000,106.000000,0.773325,-0.123198,0.621925
73.98147583,-143.25761414,-45.69313812,151.000000,106.000000,91.000000,0.489615,0.071141,0.869032
75.16046906,-141.63088989,-46.11346054,153.000000,120.000000,101.000000,0.550839,-0.034688,0.833890
71.37076569,-143.01937866,-42.71873856,152.000000,119.000000,94.000000,0.814648,0.004094,0.579942
74.70663452,-141.39025879,-45.78665924,150.000000,121.000000,93.000000,0.548060,-0.078294,0.832767
72.98661804,-143.04640198,-45.42045593,153.000000,114.000000,91.000000,0.569445,0.026325,0.821608
71.67579651,-144.31556702,-43.68813705,132.000000,96.000000,76.000000,0.776720,0.132684,0.615711
74.04782867,-142.36004639,-45.77593613,153.000000,131.000000,102.000000,0.505704,-0.034262,0.862026
74.92279053,-143.00994873,-45.93263626,153.000000,124.000000,98.000000,0.497353,0.054030,0.865864
71.47671509,-143.47732544,-42.94176865,131.000000,103.000000,83.000000,0.816718,0.049200,0.574936
75.45078278,-143.44197083,-46.12865067,153.000000,121.000000,98.000000,0.537121,0.072277,0.840403
71.80837250,-142.80174255,-43.90101242,135.000000,108.000000,90.000000,0.797739,-0.032133,0.602146
76.08087158,-143.50823975,-46.64366531,153.000000,118.000000,100.000000,0.599854,0.052469,0.798387
72.49629211,-144.41445923,-44.73933792,152.000000,117.000000,97.000000,0.657555,0.202682,0.725632
72.32888031,-143.66238403,-44.89982605,152.000000,120.000000,96.000000,0.673964,0.127022,0.727762
72.89710999,-142.86445618,-45.39265823,153.000000,114.000000,91.000000,0.585614,-0.009600,0.810533
73.82347107,-144.40832520,-45.17643356,153.000000,118.000000,95.000000,0.534549,0.169199,0.828027
73.22006226,-144.20919800,-45.15217209,153.000000,124.000000,98.000000,0.570864,0.180193,0.801027
71.37499237,-141.94569397,-42.55953598,153.000000,127.000000,101.000000,0.784927,-0.058407,0.616830
73.08256531,-143.41152954,-45.39910126,153.000000,113.000000,96.000000,0.553097,0.096756,0.827479
72.54776764,-141.22882080,-44.10358429,150.000000,123.000000,96.000000,0.714576,-0.172906,0.677853
72.76282501,-141.13890076,-44.37150955,150.000000,115.000000,90.000000,0.688324,-0.176297,0.703654
74.66545105,-144.42427063,-45.43444824,138.000000,114.000000,93.000000,0.509287,0.123332,0.851714
73.99006653,-142.94947815,-45.74060822,152.000000,124.000000,103.000000,0.490590,0.039630,0.870489
73.87874603,-140.55181885,-44.96699142,142.000000,110.000000,87.000000,0.613822,-0.145576,0.775906
73.85555267,-143.89398193,-45.46035385,153.000000,123.000000,99.000000,0.505462,0.135470,0.852148
75.19748688,-141.77821350,-46.13311768,139.000000,119.000000,90.000000,0.544728,-0.020582,0.838360
72.07064819,-142.54896545,-44.54046631,153.000000,138.000000,109.000000,0.747207,-0.073709,0.660491
75.28977203,-144.42678833,-45.83964539,152.000000,128.000000,97.000000,0.554636,0.078419,0.828390
75.80094147,-143.26118469,-46.43198776,152.000000,117.000000,94.000000,0.568989,0.057887,0.820305
74.54826355,-141.89930725,-45.85823059,152.000000,104.000000,83.000000,0.519125,-0.051495,0.853146
72.02695465,-144.26029968,-44.45626068,153.000000,118.000000,90.000000,0.724150,0.179124,0.665973
72.53721619,-140.60092163,-43.69524765,152.000000,129.000000,101.000000,0.718828,-0.146177,0.679646
74.98897552,-144.03517151,-45.74353790,149.000000,121.000000,102.000000,0.513935,0.101642,0.851786
74.98966980,-142.40399170,-46.01129150,146.000000,107.000000,82.000000,0.515651,0.012181,0.856712
73.30117798,-142.96897888,-45.55988693,153.000000,125.000000,97.000000,0.531175,0.026078,0.846861
71.62021637,-143.70088196,-43.77287674,138.000000,99.000000,79.000000,0.799478,0.088188,0.594187
72.35144806,-144.29469299,-44.71538162,153.000000,123.000000,93.000000,0.678178,0.193103,0.709074
72.63111877,-143.94725037,-45.01601410,153.000000,120.000000,100.000000,0.623694,0.168443,0.763304
74.02775574,-141.29829407,-45.47024536,147.000000,115.000000,90.000000,0.564662,-0.128265,0.815295
72.70742035,-142.10035706,-45.17871475,153.000000,129.000000,102.000000,0.638196,-0.136009,0.757765
73.95070648,-143.05889893,-45.72465134,151.000000,106.000000,91.000000,0.489564,0.045254,0.870792
72.26116943,-142.26287842,-44.76591873,150.000000,121.000000,105.000000,0.708384,-0.114351,0.696503
72.40454865,-144.27265930,-44.75571442,153.000000,123.000000,93.000000,0.668660,0.193031,0.718076
75.43424988,-141.26318359,-46.27373123,152.000000,126.000000,100.000000,0.578888,-0.029153,0.814886
73.26615143,-141.27720642,-45.08042145,152.000000,117.000000,99.000000,0.614878,-0.171558,0.769736
75.39868927,-144.53587341,-45.91341019,152.000000,128.000000,97.000000,0.569417,0.066740,0.819335
72.31048584,-142.08854675,-44.70196152,150.000000,121.000000,105.000000,0.703482,-0.136497,0.697482
71.44702148,-142.02491760,-42.64815521,153.000000,127.000000,101.000000,0.792454,-0.061397,0.606834
75.49029541,-141.75965881,-46.32024002,150.000000,120.000000,94.000000,0.560654,-0.006821,0.828022
71.46185303,-142.31988525,-42.72208405,153.000000,124.000000,97.000000,0.803130,-0.052409,0.593495
76.09350586,-144.18649292,-46.56576920,150.000000,130.000000,101.000000,0.612259,0.040817,0.789603
70.92808533,-142.97544861,-42.08691025,150.000000,131.000000,108.000000,0.782832,0.012470,0.622109
73.33941650,-144.26202393,-45.16699982,153.000000,122.000000,98.000000,0.565378,0.180375,0.804868
72.75994873,-141.48112488,-44.83612061,150.000000,115.000000,90.000000,0.662176,-0.182828,0.726703
72.78449249,-144.51371765,-44.82854462,153.000000,122.000000,99.000000,0.630283,0.198793,0.750483
73.97811127,-143.17381287,-45.71453094,151.000000,106.000000,91.000000,0.489717,0.059654,0.869838
72.06793976,-140.94709778,-43.28105545,153.000000,129.000000,99.000000,0.750279,-0.126787,0.648850
75.51041412,-144.48187256,-46.01108551,151.000000,131.000000,103.000000,0.573443,0.060884,0.816980
72.93341064,-140.60049438,-44.12056351,150.000000,121.000000,101.000000,0.691586,-0.162637,0.703746
72.38545990,-143.44125366,-44.97947311,153.000000,112.000000,95.000000,0.668138,0.092107,0.738314
76.05263519,-143.58164978,-46.61512375,153.000000,118.000000,100.000000,0.599854,0.052469,0.798387
71.74456787,-141.39836121,-42.97258377,153.000000,129.000000,100.000000,0.774168,-0.104300,0.624329
71.66723633,-141.71012878,-42.91703415,153.000000,129.000000,100.000000,0.785883,-0.091517,0.611565
74.74801636,-141.08538818,-45.74577332,151.000000,127.000000,99.000000,0.563584,-0.084609,0.821714
71.99970245,-142.84991455,-44.48706818,152.000000,122.000000,93.000000,0.756901,-0.026681,0.652985
71.64545441,-143.10177612,-43.56852341,139.000000,94.000000,75.000000,0.811811,0.012363,0.583790
71.67495728,-142.33512878,-43.06613541,142.000000,121.000000,97.000000,0.806693,-0.069961,0.586815
72.69934082,-143.34063721,-45.22075653,152.000000,123.000000,99.000000,0.613004,0.079330,0.786087
74.72182465,-143.67720032,-45.70206070,151.000000,120.000000,96.000000,0.488082,0.103877,0.866594
74.97196960,-144.08093262,-45.72491455,142.000000,117.000000,96.000000,0.512925,0.104884,0.852002
74.57776642,-141.94792175,-45.87295151,152.000000,104.000000,83.000000,0.521226,-0.048648,0.852031
72.99712372,-142.33924866,-45.43302917,152.000000,125.000000,100.000000,0.585640,-0.091100,0.805436
75.00737000,-143.21333313,-45.94083405,153.000000,124.000000,98.000000,0.499636,0.068577,0.863517
75.09025574,-141.95111084,-46.07089233,139.000000,119.000000,90.000000,0.537116,-0.020501,0.843259
72.57598877,-141.61183167,-44.66921616,153.000000,129.000000,102.000000,0.684102,-0.172938,0.708588
74.06642914,-142.01300049,-45.73626328,153.000000,129.000000,99.000000,0.518322,-0.066019,0.852633
73.62455750,-144.36825562,-45.18005753,153.000000,118.000000,95.000000,0.542532,0.172829,0.822064
71.73088074,-144.03900146,-44.02795410,152.000000,139.000000,106.000000,0.777835,0.135860,0.613609
71.61118317,-143.50204468,-43.59296036,138.000000,99.000000,79.000000,0.806790,0.061185,0.587662
74.53654480,-141.69033813,-45.79298782,150.000000,121.000000,93.000000,0.531683,-0.075145,0.843603
72.77822876,-142.17878723,-45.26627350,153.000000,129.000000,102.000000,0.623124,-0.126409,0.771840
74.27075958,-144.42155457,-45.29322815,152.000000,117.000000,93.000000,0.508619,0.145110,0.848675
73.11703491,-142.32594299,-45.48347473,152.000000,125.000000,100.000000,0.570146,-0.084732,0.817162
73.73083496,-141.62396240,-45.50545120,152.000000,120.000000,96.000000,0.560152,-0.124968,0.818910
71.74620819,-141.76795959,-43.02796173,152.000000,130.000000,100.000000,0.789638,-0.097793,0.605730
75.09040833,-141.27995300,-46.03365326,153.000000,129.000000,102.000000,0.562616,-0.054993,0.824888
72.44364166,-142.40837097,-45.06165314,153.000000,126.000000,101.000000,0.665760,-0.101407,0.739243
75.27005005,-143.55229187,-46.00231171,153.000000,130.000000,100.000000,0.524040,0.080949,0.847838
74.15653992,-144.44587708,-45.24575043,152.000000,117.000000,93.000000,0.515441,0.152122,0.843315
71.75477600,-141.86019897,-43.05261230,152.000000,130.000000,100.000000,0.793430,-0.094629,0.601260
76.01730347,-144.69412231,-46.42842484,153.000000,124.000000,98.000000,0.621705,0.018081,0.783043
71.63856506,-142.89331055,-43.30201721,138.000000,101.000000,78.000000,0.815309,-0.015124,0.578828
73.48129272,-140.36247253,-44.57857132,151.000000,118.000000,95.000000,0.647576,-0.149441,0.747203
74.39175415,-140.78878784,-45.43524170,153.000000,117.000000,100.000000,0.582032,-0.115820,0.804875
73.73838043,-143.72610474,-45.52803040,152.000000,123.000000,99.000000,0.505878,0.123208,0.853760
71.70955658,-143.07418823,-43.81540680,135.000000,108.000000,90.000000,0.804739,0.004113,0.593615
72.80271149,-140.55781555,-43.96860504,150.000000,121.000000,101.000000,0.699924,-0.156382,0.696887
72.25306702,-142.91491699,-44.92844772,152.000000,126.000000,101.000000,0.701329,-0.020998,0.712528
71.87216187,-141.66619873,-43.20172501,151.000000,135.000000,106.000000,0.783957,-0.113255,0.610398
71.89369965,-141.49639893,-43.20112991,151.000000,135.000000,106.000000,0.777115,-0.122858,0.617251
72.36216736,-143.12472534,-45.01162338,152.000000,126.000000,101.000000,0.673762,0.026725,0.738465
71.82541656,-142.76560974,-43.92886353,135.000000,108.000000,90.000000,0.794268,-0.035021,0.606557
71.08023071,-144.33273315,-42.17932892,150.000000,117.000000,99.000000,0.776260,0.046831,0.628671
74.66054535,-141.66979980,-45.83148956,150.000000,121.000000,93.000000,0.534678,-0.069127,0.842224
71.59646606,-143.63748169,-43.61321640,138.000000,99.000000,79.000000,0.806710,0.075943,0.586047
74.86090851,-143.86381531,-45.71706390,149.000000,121.000000,102.000000,0.499271,0.107293,0.859777
72.54312134,-141.34994507,-44.21177292,150.000000,123.000000,96.000000,0.711210,-0.175891,0.680620
71.19561768,-142.93572998,-42.40822220,147.000000,107.000000,91.000000,0.802126,-0.001366,0.597153
71.15167236,-143.76956177,-42.32444763,153.000000,124.000000,99.000000,0.793492,0.046676,0.606788
73.93190765,-141.16105652,-45.33726501,147.000000,115.000000,90.000000,0.577946,-0.141144,0.803776
71.66808319,-143.45130920,-43.83459091,146.000000,123.000000,100.000000,0.800716,0.061156,0.595915
72.07338715,-144.45520020,-44.41238403,153.000000,122.000000,93.000000,0.720408,0.185862,0.668182
71.15495300,-143.44084167,-42.34823990,152.000000,118.000000,91.000000,0.799006,0.034983,0.600304
71.89885712,-142.50495911,-43.95800018,142.000000,106.000000,79.000000,0.786144,-0.073297,0.613681
74.90855408,-142.88676453,-45.94191742,151.000000,126.000000,102.000000,0.497257,0.045456,0.866412
71.59678650,-142.87852478,-43.13044357,146.000000,117.000000,93.000000,0.817552,-0.012366,0.575722
74.01490784,-140.59367371,-45.08238983,142.000000,110.000000,87.000000,0.606772,-0.138648,0.782691
74.97770691,-143.78062439,-45.80477524,149.000000,121.000000,102.000000,0.506118,0.098372,0.856836
75.90450287,-143.65650940,-46.48536301,150.000000,103.000000,82.000000,0.588273,0.058119,0.806571
75.04412842,-142.54258728,-46.02780533,151.000000,126.000000,102.000000,0.513957,0.023176,0.857503
73.76001740,-141.32884216,-45.35952759,150.000000,119.000000,93.000000,0.576807,-0.137900,0.805157
72.30331421,-142.37751770,-44.93003082,153.000000,133.000000,111.000000,0.691332,-0.104658,0.714917
72.36623383,-142.97920227,-45.01680374,152.000000,126.000000,101.000000,0.675897,-0.006939,0.736964
72.40203857,-144.27093506,-44.75480270,153.000000,123.000000,93.000000,0.668660,0.193031,0.718076
72.82865143,-141.15307617,-44.50771332,150.000000,115.000000,90.000000,0.675463,-0.179205,0.715287
74.94570160,-143.45184326,-45.87058258,153.000000,130.000000,100.000000,0.498514,0.083321,0.862868
72.05401611,-141.77134705,-43.59999466,150.000000,121.000000,98.000000,0.775295,-0.132440,0.617557
73.10399628,-141.23318481,-44.92667770,153.000000,111.000000,94.000000,0.638374,-0.179112,0.748597
71.58596039,-144.39700317,-42.98552322,127.000000,94.000000,74.000000,0.785555,0.103863,0.610012
71.44672394,-141.53479004,-42.62212753,153.000000,118.000000,97.000000,0.773599,-0.067457,0.630074
72.13849640,-143.02786255,-44.76111984,153.000000,130.000000,99.000000,0.727510,-0.001380,0.686096
72.66078186,-140.44287109,-43.79780197,152.000000,123.000000,99.000000,0.709116,-0.140017,0.691050
72.01641846,-143.38035583,-44.57137299,153.000000,116.000000,93.000000,0.747617,0.058834,0.661519
71.87357330,-144.29235840,-44.26559448,153.000000,121.000000,97.000000,0.746473,0.172498,0.642669
73.57441711,-141.30818176,-45.26373291,150.000000,119.000000,93.000000,0.588068,-0.151132,0.794566
71.32514191,-144.25976563,-42.52869797,142.000000,112.000000,93.000000,0.788791,0.064420,0.611277
73.87705231,-142.57260132,-45.74028397,153.000000,121.000000,97.000000,0.506079,-0.014845,0.862359
71.57807159,-143.77569580,-43.49711227,138.000000,99.000000,79.000000,0.805496,0.085017,0.586471
75.81410980,-143.85398865,-46.37768555,150.000000,103.000000,82.000000,0.583104,0.061006,0.810103
72.22515869,-143.86557007,-44.76700974,152.000000,113.000000,89.000000,0.694255,0.152766,0.703330
75.78721619,-142.83418274,-46.44506836,153.000000,127.000000,103.000000,0.565310,0.049096,0.823416
74.10249329,-143.57972717,-45.62979889,147.000000,120.000000,95.000000,0.488224,0.101061,0.866847
74.68903351,-143.01625061,-45.83970642,151.000000,104.000000,86.000000,0.490795,0.053918,0.869605
73.02249908,-142.93345642,-45.44203186,153.000000,114.000000,91.000000,0.568771,0.006820,0.822468
73.60976410,-143.39540100,-45.58512878,151.000000,106.000000,91.000000,0.507404,0.089542,0.857044
75.02833557,-142.04963684,-46.03104019,139.000000,119.000000,90.000000,0.527585,-0.017723,0.849317
71.74217224,-142.94665527,-43.79846954,135.000000,108.000000,90.000000,0.804057,-0.012413,0.594423
72.44444275,-141.71884155,-44.54735947,151.000000,111.000000,87.000000,0.703337,-0.166299,0.691131
72.67700195,-143.05299377,-45.24292374,153.000000,115.000000,95.000000,0.621705,0.018081,0.783043
73.89764404,-143.50140381,-45.61281204,152.000000,123.000000,99.000000,0.492682,0.097968,0.864677
73.61758423,-142.30850220,-45.65693283,153.000000,121.000000,97.000000,0.524717,-0.057369,0.849342
75.52252960,-141.75518799,-46.34582520,150.000000,120.000000,94.000000,0.563777,-0.009556,0.825872
71.17835999,-142.44241333,-42.36661148,153.000000,127.000000,101.000000,0.790425,-0.026487,0.611987
74.64268494,-142.23912048,-45.89354706,150.000000,109.000000,87.000000,0.508396,-0.020336,0.860883
72.03836060,-140.79043579,-43.21118546,152.000000,119.000000,94.000000,0.745288,-0.117053,0.656387
70.79737854,-143.40638733,-41.92440796,150.000000,126.000000,105.000000,0.767083,0.029449,0.640872
74.51014709,-143.24465942,-45.77390289,151.000000,104.000000,86.000000,0.484175,0.071161,0.872073
71.66469574,-141.14257813,-42.85386276,152.000000,127.000000,96.000000,0.761472,-0.092078,0.641624
70.98536682,-142.87483215,-42.16181183,153.000000,112.000000,97.000000,0.785005,0.006898,0.619451
74.20323944,-144.61973572,-45.18036270,147.000000,119.000000,99.000000,0.524490,0.152176,0.837707
71.49056244,-141.58337402,-42.67559052,153.000000,118.000000,97.000000,0.780019,-0.073532,0.621420
72.18296814,-142.91842651,-44.84128189,153.000000,130.000000,99.000000,0.716702,-0.018162,0.697143
71.97134399,-143.17871094,-44.53171921,153.000000,130.000000,99.000000,0.755572,0.032362,0.654266
71.76641846,-142.08116150,-43.20938873,152.000000,124.000000,104.000000,0.800643,-0.091213,0.592158
75.49387360,-142.80781555,-46.22221756,153.000000,129.000000,97.000000,0.540746,0.048905,0.839763
74.46470642,-144.15542603,-45.45542526,138.000000,114.000000,93.000000,0.500986,0.132144,0.855307
72.15057373,-144.18685913,-44.60387421,153.000000,118.000000,90.000000,0.705847,0.182997,0.684318
74.48760986,-143.12561035,-45.79934692,151.000000,104.000000,86.000000,0.483054,0.062285,0.873372
73.77902985,-142.38697815,-45.71005249,153.000000,121.000000,97.000000,0.514490,-0.040001,0.856563
75.56347656,-143.80036926,-46.17279053,153.000000,131.000000,100.000000,0.558042,0.075642,0.826358
73.51600647,-144.41215515,-45.13365555,153.000000,118.000000,95.000000,0.557418,0.176742,0.811201
71.07718658,-144.28555298,-42.18103409,150.000000,117.000000,99.000000,0.776154,0.049662,0.628585
73.61808777,-142.50300598,-45.67807007,153.000000,121.000000,97.000000,0.516295,-0.028759,0.855928
73.40879059,-141.42828369,-45.25920486,152.000000,117.000000,99.000000,0.592554,-0.154514,0.790572
71.44754791,-143.40657043,-42.87773514,131.000000,103.000000,83.000000,0.816643,0.040622,0.575712
72.14033508,-143.73179626,-44.72347641,152.000000,113.000000,89.000000,0.712958,0.130036,0.689044
74.57965088,-142.37634277,-45.88553238,150.000000,109.000000,87.000000,0.501742,-0.012106,0.864933
72.85886383,-141.33709717,-44.78404236,153.000000,111.000000,94.000000,0.657491,-0.182381,0.731056
71.86012268,-143.74598694,-44.41626358,153.000000,121.000000,99.000000,0.763122,0.113657,0.636181
71.73150635,-144.09747314,-43.99275208,152.000000,139.000000,106.000000,0.776331,0.139111,0.614783
71.57462311,-143.75376892,-43.49442673,138.000000,99.000000,79.000000,0.806698,0.081964,0.585252
72.84595490,-142.20109558,-45.32172775,152.000000,125.000000,100.000000,0.609538,-0.119546,0.783691
75.87570953,-144.29421997,-46.34720993,152.000000,106.000000,87.000000,0.594143,0.046572,0.803010
71.96889496,-142.06047058,-43.63502884,142.000000,109.000000,88.000000,0.785365,-0.113458,0.608547
74.49394989,-140.74224854,-45.49227142,153.000000,117.000000,100.000000,0.583162,-0.106694,0.805319
72.07920837,-142.93659973,-44.63830948,153.000000,130.000000,99.000000,0.742335,-0.012535,0.669912
74.78749084,-141.53237915,-45.87734985,150.000000,121.000000,93.000000,0.543441,-0.063519,0.837041
73.00465393,-142.01974487,-45.34925842,152.000000,125.000000,100.000000,0.597829,-0.132027,0.790677
72.84699249,-143.20286560,-45.33825302,153.000000,113.000000,96.000000,0.587707,0.049328,0.807569
73.06927490,-144.42990112,-45.00017548,153.000000,122.000000,99.000000,0.590233,0.194700,0.783401
75.12751007,-143.36444092,-45.96950531,153.000000,130.000000,100.000000,0.511703,0.077531,0.855657
74.10776520,-144.55026245,-45.15673828,147.000000,119.000000,99.000000,0.526855,0.155830,0.835548
73.48564148,-141.13946533,-45.10800552,152.000000,117.000000,99.000000,0.607094,-0.168049,0.776657
73.07926941,-140.48661804,-44.23630905,153.000000,122.000000,99.000000,0.680038,-0.156000,0.716388
71.98929596,-142.40069580,-44.21848679,142.000000,109.000000,93.000000,0.767955,-0.091805,0.633891
71.28549957,-142.88339233,-42.52842331,152.000000,120.000000,97.000000,0.806995,-0.006851,0.590518
71.22603607,-143.58589172,-42.43446732,152.000000,118.000000,91.000000,0.800419,0.043608,0.597853
72.81399536,-142.26136780,-45.32225800,152.000000,125.000000,100.000000,0.611600,-0.116425,0.782554
73.76976776,-140.88621521,-45.08201981,142.000000,110.000000,87.000000,0.602581,-0.154778,0.782905
73.09385681,-143.84309387,-45.27858353,153.000000,132.000000,97.000000,0.563323,0.147148,0.813028
71.64420319,-142.79959106,-43.23192596,138.000000,101.000000,78.000000,0.815605,-0.020701,0.578238
70.48538971,-144.12794495,-41.58199692,153.000000,113.000000,97.000000,0.734380,0.026679,0.678214
72.35478210,-141.65110779,-44.22794342,151.000000,111.000000,87.000000,0.728530,-0.165782,0.664650
70.93056488,-143.82060242,-42.03882217,153.000000,110.000000,93.000000,0.774902,0.038110,0.630931
71.57519531,-144.10815430,-43.16607285,128.000000,96.000000,79.000000,0.796822,0.100513,0.595795
74.62993622,-141.84815979,-45.87467194,152.000000,104.000000,83.000000,0.525576,-0.054370,0.849007
72.67520905,-141.83999634,-45.07625580,152.000000,129.000000,104.000000,0.649902,-0.156037,0.743828
75.77074432,-142.78651428,-46.43284988,153.000000,127.000000,103.000000,0.564081,0.046190,0.824426
72.14234161,-142.92945862,-44.74480438,153.000000,130.000000,99.000000,0.726270,-0.015334,0.687238
71.83378601,-141.48254395,-43.10023499,151.000000,135.000000,106.000000,0.776244,-0.116806,0.619517
73.14697266,-142.82279968,-45.50155640,153.000000,114.000000,91.000000,0.555603,-0.012286,0.831357
71.95822144,-143.99555969,-44.45010757,153.000000,121.000000,97.000000,0.738415,0.152515,0.656873
70.88742828,-144.28904724,-41.95504379,153.000000,120.000000,89.000000,0.758206,0.038122,0.650899
71.54962921,-143.77120972,-43.23814774,131.000000,103.000000,83.000000,0.808065,0.076070,0.584161
74.23337555,-142.43508911,-45.82660675,153.000000,131.000000,102.000000,0.500875,-0.014851,0.865392
74.32524872,-141.39477539,-45.62996292,152.000000,115.000000,88.000000,0.547595,-0.099694,0.830783
75.25704193,-141.86387634,-46.16072083,150.000000,120.000000,94.000000,0.542283,-0.015025,0.840061
71.42772675,-144.02790833,-42.79357910,150.000000,120.000000,101.000000,0.801963,0.070047,0.593253
74.26469421,-142.87197876,-45.79356384,153.000000,122.000000,95.000000,0.489354,0.028467,0.871620
71.04834747,-143.73147583,-42.19561768,153.000000,124.000000,99.000000,0.784732,0.040857,0.618487
73.38508606,-141.66653442,-45.38402557,152.000000,132.000000,111.000000,0.581545,-0.138321,0.801669
72.61844635,-142.12031555,-45.10638428,153.000000,129.000000,102.000000,0.654430,-0.133282,0.744283
75.34535217,-141.53059387,-46.20317078,151.000000,132.000000,104.000000,0.563099,-0.026287,0.825971
74.59567261,-142.05258179,-45.88137436,152.000000,104.000000,83.000000,0.516514,-0.039944,0.855347
71.50857544,-143.97192383,-42.97610092,128.000000,96.000000,79.000000,0.804347,0.075990,0.589281
72.78008270,-140.82656860,-44.11296463,150.000000,121.000000,101.000000,0.696449,-0.172964,0.696449
74.96635437,-142.56349182,-45.99769211,151.000000,126.000000,102.000000,0.510748,0.023154,0.859419
75.01622009,-141.35040283,-45.99743652,153.000000,120.000000,101.000000,0.557348,-0.057851,0.828261
71.40396118,-141.56683350,-42.57384872,153.000000,118.000000,97.000000,0.773746,-0.064598,0.630194
72.78833771,-140.47235107,-43.93946075,150.000000,129.000000,96.000000,0.697293,-0.152769,0.700318
74.08146667,-144.29103088,-45.28215027,152.000000,117.000000,93.000000,0.511755,0.154854,0.845060
75.80860138,-143.91921997,-46.36008835,150.000000,103.000000,82.000000,0.583203,0.058178,0.810241
70.73671722,-144.19024658,-41.81125641,152.000000,120.000000,90.000000,0.751744,0.032439,0.658657
73.18485260,-142.19306946,-45.48429489,152.000000,125.000000,100.000000,0.568562,-0.106151,0.815763
76.12973022,-143.71867371,-46.67027283,151.000000,124.000000,103.000000,0.607981,0.052437,0.792218
73.18952942,-143.58862305,-45.40571594,153.000000,132.000000,97.000000,0.544394,0.118220,0.830457
72.64723969,-140.74369812,-43.86589813,152.000000,129.000000,101.000000,0.711939,-0.156353,0.684615
74.82748413,-141.33528137,-45.85883713,150.000000,121.000000,93.000000,0.553566,-0.072575,0.829637
72.83802795,-142.92407227,-45.36412811,153.000000,114.000000,91.000000,0.589227,0.001367,0.807966
71.69767761,-142.63018799,-43.30077744,138.000000,101.000000,78.000000,0.814385,-0.040649,0.578900
74.97951508,-141.63635254,-46.02536392,153.000000,120.000000,101.000000,0.542791,-0.046047,0.838605
71.59123230,-142.59146118,-42.99128342,146.000000,117.000000,93.000000,0.815326,-0.040557,0.577581
71.30815887,-143.12142944,-42.62465286,152.000000,119.000000,94.000000,0.808614,0.012398,0.588208
71.31905365,-142.49615479,-42.55003738,153.000000,124.000000,97.000000,0.801428,-0.032169,0.597225
74.72784424,-143.46543884,-45.75554276,151.000000,120.000000,96.000000,0.486236,0.085972,0.869588
71.93869019,-143.59529114,-44.49076843,153.000000,121.000000,99.000000,0.754452,0.098152,0.648975
72.06351471,-142.98327637,-44.63249588,153.000000,130.000000,99.000000,0.742118,-0.004146,0.670256
74.43464661,-141.64349365,-45.74633026,152.000000,115.000000,88.000000,0.530681,-0.081096,0.843683
75.23254395,-143.83570862,-45.92338562,151.000000,124.000000,101.000000,0.526321,0.087007,0.845823
73.43141937,-144.40322876,-45.12681961,153.000000,122.000000,98.000000,0.564306,0.177007,0.806367
75.11705017,-141.87353516,-46.09157562,139.000000,119.000000,90.000000,0.540298,-0.020518,0.841224
73.26912689,-140.50697327,-44.41914749,151.000000,118.000000,95.000000,0.663510,-0.162461,0.730316
72.22309875,-141.77973938,-44.08022308,146.000000,114.000000,89.000000,0.742710,-0.152777,0.651951
74.66773987,-143.98367310,-45.59344482,152.000000,106.000000,91.000000,0.494590,0.119682,0.860847
73.41892242,-143.05746460,-45.60081482,153.000000,125.000000,97.000000,0.520975,0.040075,0.852630
72.29152679,-142.15403748,-44.72505951,150.000000,121.000000,105.000000,0.708526,-0.130321,0.693547
71.99387360,-141.02670288,-43.20532227,153.000000,129.000000,99.000000,0.754595,-0.123533,0.644457
73.53887939,-140.28094482,-44.60483170,151.000000,118.000000,95.000000,0.641129,-0.149345,0.752761
74.16246033,-142.93489075,-45.77563858,153.000000,122.000000,95.000000,0.489476,0.036813,0.871240
71.72206116,-143.05862427,-43.84894943,135.000000,108.000000,90.000000,0.802456,0.004115,0.596698
71.55444336,-143.74420166,-43.30071259,138.000000,99.000000,79.000000,0.808065,0.076070,0.584161
72.42353821,-140.89413452,-43.68130875,152.000000,129.000000,101.000000,0.732435,-0.156192,0.662679
71.89270020,-142.12908936,-43.52780151,142.000000,109.000000,88.000000,0.791963,-0.103936,0.601658
72.87490845,-141.74725342,-45.17592239,152.000000,129.000000,104.000000,0.627164,-0.155658,0.763175
72.52981567,-140.63320923,-43.69919205,152.000000,129.000000,101.000000,0.720301,-0.146476,0.678020
72.67766571,-144.28062439,-44.91963959,153.000000,121.000000,99.000000,0.626261,0.192341,0.755514
75.51667786,-144.72489929,-45.98966599,151.000000,131.000000,103.000000,0.581331,0.049265,0.812174
75.61524963,-143.87158203,-46.20199585,153.000000,131.000000,100.000000,0.568709,0.069841,0.819568
74.93110657,-141.09669495,-45.88959122,151.000000,127.000000,99.000000,0.565450,-0.069791,0.821825
73.42329407,-141.64082336,-45.38782883,152.000000,132.000000,111.000000,0.577946,-0.141144,0.803776
75.04499054,-144.08308411,-45.76703644,152.000000,128.000000,97.000000,0.517443,0.098902,0.849983
71.29144287,-143.13739014,-42.59206390,152.000000,119.000000,94.000000,0.808584,0.015152,0.588186
73.69995880,-141.62744141,-45.49332428,152.000000,132.000000,111.000000,0.561293,-0.128169,0.817632
73.48921204,-143.62214661,-45.50913239,152.000000,133.000000,99.000000,0.519610,0.114343,0.846718
71.51209259,-143.04373169,-42.99254227,139.000000,123.000000,97.000000,0.819033,0.004088,0.573732
75.42196655,-143.32548523,-46.12163544,153.000000,121.000000,98.000000,0.532659,0.069231,0.843494
72.69761658,-141.09033203,-44.19004440,150.000000,123.000000,96.000000,0.705197,-0.175917,0.686841
71.69114685,-143.53439331,-43.95467758,153.000000,138.000000,111.000000,0.797171,0.070128,0.599667
71.49978638,-142.59455872,-42.82088470,152.000000,120.000000,97.000000,0.814180,-0.034913,0.579562
72.51721954,-141.75286865,-44.76356125,153.000000,129.000000,102.000000,0.680364,-0.165905,0.713849
72.23717499,-142.31674194,-44.76675415,150.000000,121.000000,105.000000,0.711561,-0.110950,0.693809
72.76978302,-140.91729736,-44.16341782,150.000000,121.000000,101.000000,0.699131,-0.175930,0.693011
72.17900848,-142.35865784,-44.68124390,150.000000,121.000000,105.000000,0.722145,-0.104851,0.683749
70.93008423,-143.50732422,-42.05941010,150.000000,126.000000,105.000000,0.778406,0.032258,0.626932
73.40093231,-140.32656860,-44.49995422,151.000000,118.000000,95.000000,0.653686,-0.152476,0.741246
72.38385010,-140.56817627,-43.53432846,153.000000,125.000000,100.000000,0.728661,-0.133164,0.671804
72.76923370,-142.65043640,-45.33420181,153.000000,120.000000,102.000000,0.606190,-0.052527,0.793584
71.77601624,-143.65490723,-44.31881714,153.000000,121.000000,99.000000,0.778339,0.094919,0.620627
73.03260803,-140.90272522,-44.50814819,151.000000,123.000000,93.000000,0.666913,-0.172451,0.724905
70.90410614,-142.89453125,-42.06277847,150.000000,131.000000,108.000000,0.776604,0.012459,0.629866
71.58423615,-141.99365234,-42.83425140,152.000000,130.000000,100.000000,0.798375,-0.073101,0.597706
71.91331482,-142.73277283,-44.31022263,142.000000,109.000000,93.000000,0.776103,-0.043824,0.629082
72.65223694,-141.05348206,-44.08255386,150.000000,123.000000,96.000000,0.708588,-0.172938,0.684102
73.88423157,-140.57490540,-44.97607422,142.000000,110.000000,87.000000,0.610518,-0.145504,0.778522
72.81410217,-143.92315674,-45.14446640,153.000000,120.000000,100.000000,0.597343,0.164836,0.784863
74.58956146,-144.18229675,-45.48765945,138.000000,114.000000,93.000000,0.503348,0.129101,0.854385
74.71150970,-141.00273132,-45.69425964,151.000000,127.000000,99.000000,0.568062,-0.087726,0.818297
71.70771027,-143.33334351,-43.92740631,146.000000,123.000000,100.000000,0.798281,0.046625,0.600477
72.55413818,-143.00343323,-45.15342712,153.000000,115.000000,95.000000,0.642214,0.004143,0.766514
72.84030914,-140.79545593,-44.16925049,150.000000,121.000000,101.000000,0.693381,-0.172963,0.699504
75.84521484,-142.96450806,-46.48886871,153.000000,122.000000,95.000000,0.574289,0.052208,0.816986
74.28701782,-141.15483093,-45.51632309,146.000000,130.000000,102.000000,0.561217,-0.118691,0.819114
74.67128754,-143.35913086,-45.76723862,151.000000,120.000000,96.000000,0.484087,0.079980,0.871357
75.70961761,-144.69445801,-46.15216064,151.000000,131.000000,103.000000,0.596645,0.037904,0.801610
72.96643066,-140.96037292,-44.48839951,151.000000,123.000000,93.000000,0.667452,-0.179522,0.722689
72.40946198,-143.29405212,-45.01973724,153.000000,112.000000,95.000000,0.664128,0.064828,0.744803
71.68768311,-142.77690125,-43.36732101,138.000000,101.000000,78.000000,0.812698,-0.026395,0.582087
71.57509613,-144.26387024,-43.02379608,127.000000,94.000000,74.000000,0.792125,0.097739,0.602482
74.10113525,-141.39234924,-45.55145264,147.000000,115.000000,90.000000,0.556711,-0.115434,0.822647
75.71000671,-142.27626038,-46.43678665,153.000000,115.000000,94.000000,0.565649,0.020644,0.824388
71.98803711,-142.32775879,-44.06999588,142.000000,109.000000,93.000000,0.775770,-0.094962,0.623830
71.10338593,-142.32095337,-42.28626251,153.000000,127.000000,101.000000,0.780730,-0.026536,0.624305
71.42037201,-144.21728516,-42.73694992,142.000000,112.000000,93.000000,0.795960,0.073142,0.600914
72.32866669,-141.87805176,-44.52802658,151.000000,111.000000,87.000000,0.716388,-0.156000,0.680038
72.33576965,-144.09948730,-44.77586746,153.000000,123.000000,93.000000,0.680086,0.179616,0.710789
70.75142670,-143.78288269,-41.85132217,153.000000,121.000000,93.000000,0.759481,0.035226,0.649575
72.12094879,-141.12980652,-43.39680862,152.000000,126.000000,96.000000,0.753437,-0.139304,0.642594
73.14064789,-141.58721924,-45.22026062,153.000000,139.000000,109.000000,0.607334,-0.155224,0.779135
75.23171234,-143.39353943,-46.00886917,153.000000,130.000000,100.000000,0.518331,0.077679,0.851645
74.24968719,-144.25637817,-45.34456253,152.000000,117.000000,93.000000,0.502994,0.145179,0.852010
72.64521790,-141.00433350,-44.03590012,150.000000,123.000000,96.000000,0.710107,-0.172564,0.682619
71.39531708,-143.96775818,-42.73678207,150.000000,120.000000,101.000000,0.802121,0.067201,0.593369
71.39646149,-142.10784912,-42.59411240,153.000000,127.000000,101.000000,0.793462,-0.055358,0.606097
75.06717682,-142.56864929,-46.03435516,151.000000,126.000000,102.000000,0.515126,0.025961,0.856721
74.83071136,-142.29524231,-45.95055008,150.000000,109.000000,87.000000,0.510123,-0.006730,0.860075
73.35935211,-140.66639709,-44.61206818,152.000000,127.000000,102.000000,0.646896,-0.165910,0.744311
72.22142029,-142.45594788,-44.85223770,153.000000,126.000000,101.000000,0.702419,-0.095318,0.705352
74.57770538,-140.89567566,-45.60216904,153.000000,117.000000,100.000000,0.570867,-0.100229,0.814902
71.56156921,-143.85969543,-43.25510025,128.000000,96.000000,79.000000,0.803309,0.082206,0.589862
72.98897552,-143.49348450,-45.34232330,153.000000,113.000000,96.000000,0.566411,0.109205,0.816855
74.82037354,-143.52685547,-45.78841782,151.000000,120.000000,96.000000,0.491608,0.094922,0.865628
72.42608643,-141.42982483,-44.06251526,146.000000,114.000000,89.000000,0.726726,-0.169112,0.665785
74.02250671,-140.89836121,-45.24621964,146.000000,106.000000,87.000000,0.587999,-0.141417,0.796404
73.76167297,-140.62776184,-44.91842651,152.000000,99.000000,86.000000,0.617285,-0.155453,0.771229
74.25478363,-144.21157837,-45.37045670,152.000000,117.000000,93.000000,0.499545,0.145029,0.854061
