-421.40670776,-110.04774475,477.07968140,150.000000,119.000000,102.000000,0.598498,-0.052351,0.799412
-424.73803711,-111.45908356,479.20773315,142.000000,117.000000,102.000000,0.573540,-0.058062,0.817117
-424.53912354,-116.16840363,477.31649780,136.000000,126.000000,100.000000,0.575076,0.034811,0.817359
-420.88516235,-116.51540375,475.42904663,127.000000,96.000000,85.000000,0.633223,-0.006898,0.773939
-423.65734863,-115.19086456,477.58435059,135.000000,117.000000,98.000000,0.582507,0.009594,0.812769
-421.46908569,-113.35108948,477.13708496,127.000000,112.000000,91.000000,0.597225,-0.032169,0.801428
-423.76159668,-111.66094208,478.77511597,150.000000,124.000000,103.000000,0.579380,-0.052158,0.813387
-421.91082764,-109.75669861,477.48608398,131.000000,123.000000,98.000000,0.596677,-0.052440,0.800766
-426.19589233,-114.12801361,479.73834229,139.000000,117.000000,97.000000,0.558088,-0.017826,0.829590
-420.78051758,-110.93881226,476.61929321,130.000000,111.000000,96.000000,0.600477,-0.046625,0.798281
-424.73312378,-116.09821320,477.40460205,142.000000,130.000000,109.000000,0.571901,0.034787,0.819585
-420.05212402,-115.18676758,474.39370728,150.000000,117.000000,100.000000,0.624688,-0.040894,0.779803
-420.50302124,-114.59687805,475.01181030,153.000000,124.000000,108.000000,0.620291,-0.037977,0.783452
-422.63189697,-115.28894043,477.31112671,135.000000,108.000000,94.000000,0.595386,0.004106,0.803429
-420.91949463,-115.39334869,475.00579834,153.000000,120.000000,101.000000,0.624349,-0.023745,0.780785
-420.07803345,-115.34287262,474.32434082,152.000000,115.000000,101.000000,0.627848,-0.038094,0.777403
-419.78836060,-112.32630920,475.59463501,115.000000,101.000000,81.000000,0.608069,-0.049609,0.792333
-422.66842651,-115.49907684,477.26239014,132.000000,107.000000,89.000000,0.596220,0.009639,0.802763
-422.54522705,-110.63677216,477.96093750,142.000000,121.000000,100.000000,0.592232,-0.049470,0.804248
-421.08499146,-114.14058685,476.38415527,126.000000,98.000000,82.000000,0.608433,-0.029373,0.793061
-423.81155396,-114.51950836,478.34326172,139.000000,108.000000,89.000000,0.578126,-0.004100,0.815937
-424.48687744,-115.10314178,477.99258423,138.000000,96.000000,84.000000,0.571891,0.006824,0.820301
-425.38287354,-110.78623962,479.91931152,138.000000,117.000000,95.000000,0.570633,-0.069728,0.818239
-420.91711426,-111.85317993,476.67926025,101.000000,79.000000,66.000000,0.602356,-0.043731,0.797029
-425.72344971,-116.03997803,477.84533691,147.000000,130.000000,112.000000,0.560448,0.034767,0.827460
-425.01284790,-113.78072357,479.46643066,146.000000,121.000000,105.000000,0.563772,-0.020676,0.825671
-421.15029907,-113.70906830,476.60186768,131.000000,116.000000,97.000000,0.603491,-0.032205,0.796720
-422.82803345,-111.33287048,478.24774170,142.000000,111.000000,98.000000,0.587707,-0.049328,0.807569
-421.68673706,-110.00556946,477.31912231,142.000000,110.000000,94.000000,0.598498,-0.052351,0.799412
-423.10473633,-113.49900818,478.22180176,152.000000,124.000000,104.000000,0.583919,-0.026353,0.811384
-423.55877686,-110.86798859,478.60839844,151.000000,112.000000,93.000000,0.583826,-0.055131,0.810005
-421.74752808,-114.21017456,477.31738281,135.000000,117.000000,100.000000,0.598796,-0.017978,0.800700
-421.57336426,-113.82603455,477.20355225,127.000000,119.000000,100.000000,0.599568,-0.026431,0.799887
-421.97036743,-112.68105316,477.53015137,131.000000,101.000000,87.000000,0.590332,-0.037860,0.806272
-421.98706055,-110.13915253,477.56188965,149.000000,115.000000,99.000000,0.595411,-0.049500,0.801895
-423.27090454,-112.98889160,478.46636963,147.000000,123.000000,106.000000,0.581467,-0.032071,0.812938
-426.67904663,-114.78565979,478.95556641,150.000000,123.000000,103.000000,0.555009,-0.004071,0.831835
-424.02066040,-115.36298370,477.57821655,135.000000,108.000000,99.000000,0.578828,0.015124,0.815309
-423.91046143,-111.54535675,478.84625244,147.000000,120.000000,99.000000,0.578745,-0.055186,0.813639
-420.79473877,-111.28649139,476.62252808,123.000000,105.000000,82.000000,0.600477,-0.046625,0.798281
-424.74356079,-113.72955322,479.37362671,135.000000,121.000000,104.000000,0.566900,-0.023448,0.823453
-426.91055298,-115.81701660,478.32669067,153.000000,127.000000,105.000000,0.553553,0.026228,0.832401
-423.93484497,-112.72286224,479.04086304,152.000000,124.000000,105.000000,0.574460,-0.037738,0.817662
-423.72866821,-114.57522583,478.22744751,139.000000,108.000000,89.000000,0.576839,-0.004091,0.816848
-421.57293701,-109.75500488,477.23236084,142.000000,114.000000,99.000000,0.598498,-0.052351,0.799412
-425.85958862,-114.87760925,478.61380005,134.000000,98.000000,92.000000,0.561268,0.001359,0.827633
-424.40911865,-115.98307037,477.33340454,138.000000,124.000000,101.000000,0.575730,0.029133,0.817121
-418.60260010,-111.03060150,474.91510010,138.000000,112.000000,94.000000,0.602389,-0.058388,0.796064
-419.14074707,-112.33349609,475.19702148,127.000000,112.000000,91.000000,0.609255,-0.055387,0.791038
-425.33734131,-110.55138397,479.91128540,143.000000,117.000000,99.000000,0.573879,-0.069777,0.815962
-424.60058594,-114.58097839,478.64529419,131.000000,108.000000,97.000000,0.568780,-0.004092,0.822480
-420.89535522,-114.96074677,475.20703125,150.000000,121.000000,107.000000,0.620829,-0.029430,0.783394
-422.35705566,-115.90330505,477.18533325,135.000000,106.000000,92.000000,0.605456,0.012413,0.795782
-424.05950928,-115.76539612,477.35018921,138.000000,124.000000,101.000000,0.579542,0.020747,0.814678
-422.05978394,-112.91415405,477.63253784,131.000000,101.000000,87.000000,0.590882,-0.034922,0.806002
-426.88897705,-115.02690125,478.76690674,150.000000,123.000000,103.000000,0.555009,0.004071,0.831835
-424.02584839,-115.57841492,477.43869019,135.000000,108.000000,99.000000,0.580102,0.017913,0.814347
-421.09759521,-114.60126495,476.22903442,124.000000,90.000000,73.000000,0.612029,-0.023700,0.790480
-427.08688354,-115.52944183,478.48919678,147.000000,127.000000,106.000000,0.553028,0.017840,0.832972
-418.62063599,-111.81308746,474.88674927,120.000000,87.000000,75.000000,0.605463,-0.061259,0.793512
-425.42883301,-110.99873352,479.95050049,138.000000,117.000000,95.000000,0.570633,-0.069728,0.818239
-424.80599976,-112.24458313,479.57580566,150.000000,120.000000,102.000000,0.567850,-0.052135,0.821480
-421.61633301,-111.19039154,477.31106567,132.000000,114.000000,96.000000,0.595964,-0.046494,0.801664
-424.01336670,-111.65916443,478.94012451,147.000000,120.000000,99.000000,0.577415,-0.055059,0.814592
-424.99414063,-112.21533203,479.70425415,150.000000,120.000000,102.000000,0.567850,-0.052135,0.821480
-423.10705566,-115.40870667,477.33062744,131.000000,110.000000,93.000000,0.591812,0.009612,0.806018
-421.69253540,-112.34899139,477.27984619,116.000000,91.000000,73.000000,0.594766,-0.040776,0.802864
-422.74340820,-110.37583923,478.07431030,142.000000,121.000000,100.000000,0.592146,-0.052290,0.804132
-423.69009399,-114.69821167,478.07025146,123.000000,99.000000,82.000000,0.578659,-0.001362,0.815569
-423.33331299,-113.11479950,478.47341919,151.000000,121.000000,103.000000,0.580151,-0.031999,0.813880
-421.05346680,-112.82455444,476.62042236,108.000000,71.000000,62.000000,0.602869,-0.040753,0.796799
-421.06869507,-114.90328217,476.03472900,127.000000,97.000000,82.000000,0.613807,-0.020878,0.789180
-425.56683350,-114.27525330,479.19985962,136.000000,106.000000,91.000000,0.563166,-0.012332,0.826252
-424.86868286,-113.34723663,479.61322021,146.000000,128.000000,106.000000,0.567524,-0.029139,0.822841
-422.30789185,-115.00218201,477.31594849,136.000000,106.000000,90.000000,0.598460,-0.004108,0.801142
-423.11764526,-114.98908234,477.54824829,138.000000,119.000000,96.000000,0.586138,0.001366,0.810210
-422.89303589,-112.56039429,478.22152710,153.000000,121.000000,102.000000,0.583933,-0.040609,0.810785
-424.88464355,-114.68730927,478.61001587,139.000000,99.000000,88.000000,0.567506,-0.004083,0.823359
-423.34906006,-110.08268738,478.50390625,150.000000,127.000000,104.000000,0.588273,-0.058119,0.806571
-421.45574951,-111.13681030,477.18704224,126.000000,115.000000,91.000000,0.599125,-0.046520,0.799303
-421.27120972,-110.50580597,477.02005005,141.000000,114.000000,96.000000,0.600396,-0.049444,0.798173
-421.05093384,-115.39553070,476.08950806,124.000000,90.000000,78.000000,0.617321,-0.015260,0.786564
-426.82711792,-115.42166901,478.44848633,147.000000,127.000000,106.000000,0.553691,0.015039,0.832587
-419.80502319,-113.49794769,475.17022705,142.000000,115.000000,99.000000,0.612990,-0.049549,0.788535
-421.09548950,-115.04216766,476.25711060,124.000000,90.000000,78.000000,0.614225,-0.018025,0.788925
-422.19009399,-111.69171143,477.73391724,131.000000,109.000000,88.000000,0.590967,-0.046544,0.805352
-423.66970825,-113.36186218,478.66552734,146.000000,117.000000,103.000000,0.575730,-0.029133,0.817121
-421.39883423,-113.86974335,476.95309448,132.000000,123.000000,97.000000,0.600857,-0.029276,0.798820
-421.09387207,-116.09007263,476.28918457,120.000000,110.000000,84.000000,0.624527,-0.001373,0.781002
-422.13418579,-110.46240234,477.67221069,146.000000,121.000000,97.000000,0.595411,-0.049500,0.801895
-424.70330811,-113.16938782,479.55172729,150.000000,130.000000,108.000000,0.568774,-0.031985,0.821872
-420.60452271,-110.81659698,476.44839478,123.000000,107.000000,90.000000,0.600396,-0.049444,0.798173
-418.57034302,-110.72732544,474.89282227,132.000000,117.000000,93.000000,0.601122,-0.055423,0.797233
-422.05752563,-113.95686340,477.56326294,146.000000,119.000000,102.000000,0.593874,-0.020765,0.804290
-421.25415039,-110.92221069,477.02890015,131.000000,113.000000,99.000000,0.599125,-0.046520,0.799303
-423.34841919,-109.93202972,478.50222778,151.000000,120.000000,97.000000,0.588273,-0.058119,0.806571
-419.03591919,-112.95815277,475.03240967,138.000000,117.000000,97.000000,0.613781,-0.055539,0.787520
-422.30416870,-111.43640137,477.82775879,135.000000,123.000000,98.000000,0.590967,-0.046544,0.805352
-423.15689087,-111.39373779,478.44918823,152.000000,117.000000,95.000000,0.585773,-0.052226,0.808791
-423.43267822,-114.39464569,478.18869019,145.000000,113.000000,91.000000,0.579396,-0.009588,0.814990
-423.45220947,-111.51699066,478.61004639,147.000000,123.000000,100.000000,0.580711,-0.052278,0.812430
-418.35314941,-110.54576874,474.74194336,139.000000,108.000000,94.000000,0.601122,-0.055423,0.797233
-423.41934204,-110.77062988,478.53192139,150.000000,118.000000,99.000000,0.587024,-0.055166,0.807688
-419.23980713,-111.52664185,475.38476563,127.000000,96.000000,82.000000,0.606097,-0.055358,0.793462
-419.07815552,-112.20331573,475.16961670,127.000000,112.000000,91.000000,0.607464,-0.055483,0.792407
-421.62411499,-112.54146576,477.23516846,101.000000,89.000000,67.000000,0.596579,-0.040708,0.801521
-423.87966919,-111.31223297,478.79901123,142.000000,110.000000,90.000000,0.578745,-0.055186,0.813639
-421.62594604,-114.67688751,477.12014771,132.000000,108.000000,92.000000,0.603682,-0.015196,0.797081
-425.40249634,-111.23861694,479.91629028,139.000000,114.000000,95.000000,0.569417,-0.066740,0.819335
-421.09457397,-115.50765228,476.27294922,126.000000,102.000000,85.000000,0.617732,-0.009674,0.786330
-420.53854370,-114.02154541,475.29559326,151.000000,124.000000,106.000000,0.613549,-0.043724,0.788445
-421.00650024,-114.64364624,475.55914307,139.000000,110.000000,90.000000,0.614644,-0.029402,0.788256
-425.68768311,-113.90264130,479.71838379,143.000000,119.000000,104.000000,0.560607,-0.020661,0.827824
-425.03817749,-115.86784363,477.62893677,147.000000,129.000000,111.000000,0.569401,0.029093,0.821545
-421.27246094,-113.40397644,476.88397217,127.000000,103.000000,90.000000,0.600304,-0.034983,0.799006
-423.93807983,-109.62673950,478.98803711,142.000000,121.000000,102.000000,0.587557,-0.064020,0.806646
-422.16329956,-114.14788818,477.57101440,146.000000,119.000000,102.000000,0.595721,-0.015204,0.803048
-424.59237671,-110.43927002,479.16262817,146.000000,112.000000,96.000000,0.579237,-0.064043,0.812640
-420.43911743,-112.71289063,475.86645508,135.000000,105.000000,89.000000,0.606788,-0.046676,0.793492
-421.58462524,-113.14276886,477.25415039,115.000000,87.000000,75.000000,0.597169,-0.034963,0.801353
-421.44140625,-115.84228516,476.95242310,132.000000,114.000000,95.000000,0.615078,0.004128,0.788456
-422.93286133,-113.10536194,478.17971802,142.000000,127.000000,100.000000,0.583308,-0.032019,0.811620
-421.33544922,-111.82556915,477.04776001,106.000000,76.000000,62.000000,0.599201,-0.043706,0.799405
-425.25152588,-113.61964417,479.70812988,143.000000,119.000000,104.000000,0.563099,-0.026287,0.825971
-419.51754761,-112.73435211,475.30200195,135.000000,108.000000,92.000000,0.611218,-0.049635,0.789904
-423.04006958,-112.49485779,478.35314941,153.000000,121.000000,102.000000,0.582083,-0.040676,0.812111
-425.08261108,-110.45785522,479.63739014,142.000000,117.000000,96.000000,0.575896,-0.066832,0.814786
-421.78710938,-113.62357330,477.43930054,121.000000,109.000000,93.000000,0.596449,-0.026416,0.802216
-420.74667358,-113.75525665,475.66128540,142.000000,131.000000,107.000000,0.612259,-0.040817,0.789603
-421.35116577,-112.16011810,477.01794434,106.000000,76.000000,62.000000,0.597853,-0.043608,0.800419
-427.34188843,-115.27311707,478.78204346,149.000000,124.000000,109.000000,0.552469,0.009549,0.833478
-423.84353638,-111.05696106,478.75384521,151.000000,112.000000,93.000000,0.581957,-0.055222,0.811342
-423.18423462,-109.73171234,478.37026978,151.000000,120.000000,97.000000,0.591564,-0.055326,0.804357
-424.81024170,-111.03593445,479.11059570,138.000000,130.000000,110.000000,0.574670,-0.063852,0.815890
-424.46429443,-110.82522583,478.93179321,149.000000,137.000000,116.000000,0.578002,-0.061067,0.813747
-426.49649048,-115.26592255,478.43395996,146.000000,130.000000,111.000000,0.555620,0.009556,0.831382
-419.02746582,-110.71650696,475.23568726,145.000000,117.000000,103.000000,0.601122,-0.055423,0.797233
-420.60757446,-116.21477509,474.51702881,146.000000,126.000000,103.000000,0.635225,-0.020941,0.772043
-425.46273804,-115.37154388,478.10018921,142.000000,130.000000,106.000000,0.564423,0.015106,0.825348
-420.48324585,-112.27914429,476.13146973,109.000000,82.000000,72.000000,0.605428,-0.046571,0.794536
-419.17929077,-111.99660492,475.26718140,123.000000,80.000000,67.000000,0.607464,-0.055483,0.792407
-422.68835449,-113.41773224,478.00457764,147.000000,125.000000,105.000000,0.585236,-0.026412,0.810433
-425.12020874,-112.27766418,479.84545898,142.000000,122.000000,101.000000,0.566537,-0.052015,0.822393
-425.71533203,-113.16970062,480.25091553,153.000000,127.000000,106.000000,0.560391,-0.037545,0.827377
-421.20269775,-110.30242157,476.95321655,141.000000,114.000000,96.000000,0.598584,-0.049528,0.799527
-419.76296997,-111.03804016,475.69680786,145.000000,115.000000,102.000000,0.601665,-0.052380,0.797029
-420.27273560,-115.53039551,474.35845947,150.000000,117.000000,100.000000,0.628244,-0.035137,0.777223
-422.22161865,-110.89647675,477.73327637,149.000000,115.000000,99.000000,0.592232,-0.049470,0.804248
-423.22851563,-113.57389832,478.28683472,152.000000,124.000000,104.000000,0.580815,-0.023565,0.813695
-421.18011475,-113.94158936,476.60525513,131.000000,109.000000,91.000000,0.605267,-0.032150,0.795373
-421.92016602,-111.18109131,477.53619385,127.000000,110.000000,96.000000,0.594143,-0.046572,0.803010
-424.32537842,-113.91281128,479.04248047,139.000000,107.000000,96.000000,0.571952,-0.020673,0.820027
-426.76687622,-115.31182861,478.48461914,147.000000,127.000000,106.000000,0.552469,0.009549,0.833478
-421.98275757,-112.78962708,477.55551147,131.000000,101.000000,87.000000,0.592154,-0.037797,0.804938
-423.27017212,-113.51947021,478.32290649,152.000000,124.000000,104.000000,0.580774,-0.026336,0.813639
-425.11819458,-113.40052795,479.74066162,147.000000,115.000000,105.000000,0.564345,-0.029119,0.825025
-425.11471558,-113.15245056,479.82791138,147.000000,115.000000,105.000000,0.563643,-0.034793,0.825285
-423.11630249,-110.28887177,478.33285522,152.000000,125.000000,106.000000,0.590217,-0.055200,0.805355
-422.25238037,-115.31412506,477.25140381,136.000000,106.000000,90.000000,0.601533,0.001370,0.798847
-422.40005493,-113.75642395,477.79089355,145.000000,128.000000,103.000000,0.588951,-0.020786,0.807902
-425.76577759,-113.58567810,480.04745483,138.000000,115.000000,104.000000,0.559921,-0.026268,0.828130
-423.10061646,-114.92787933,477.58847046,138.000000,119.000000,96.000000,0.584843,0.001363,0.811146
-426.45974731,-114.54838562,479.17239380,139.000000,117.000000,97.000000,0.554373,-0.006810,0.832241
-419.54693604,-111.76079559,475.56192017,124.000000,91.000000,76.000000,0.606190,-0.052527,0.793584
-421.22772217,-113.89469910,476.68209839,131.000000,109.000000,91.000000,0.605267,-0.032150,0.795373
-424.15728760,-109.72914886,479.13351440,149.000000,120.000000,102.000000,0.584343,-0.063979,0.808981
-423.51315308,-116.03353119,477.18652344,139.000000,121.000000,102.000000,0.590235,0.023609,0.806886
-423.06942749,-110.00106049,478.30099487,152.000000,125.000000,106.000000,0.591564,-0.055326,0.804357
-420.55624390,-111.37051392,476.33099365,120.000000,91.000000,76.000000,0.600477,-0.046625,0.798281
-420.14959717,-113.70893097,475.21875000,149.000000,141.000000,108.000000,0.614837,-0.046643,0.787274
-419.90991211,-112.31016541,475.66452026,115.000000,101.000000,81.000000,0.606705,-0.049498,0.793384
-423.34936523,-111.19504547,478.53427124,152.000000,117.000000,95.000000,0.583914,-0.052312,0.810128
-421.32565308,-113.99167633,476.81430054,132.000000,123.000000,97.000000,0.604021,-0.026504,0.796527
-419.21868896,-110.15828705,475.36581421,150.000000,116.000000,96.000000,0.601665,-0.052380,0.797029
-422.13320923,-112.73017120,477.66308594,131.000000,101.000000,87.000000,0.588999,-0.037774,0.807250
-422.55429077,-111.29344940,478.01449585,142.000000,116.000000,99.000000,0.589047,-0.049440,0.806585
-421.45596313,-111.48377991,477.20166016,121.000000,87.000000,78.000000,0.597313,-0.046599,0.800653
-419.74511719,-110.20211029,475.75479126,138.000000,123.000000,100.000000,0.601665,-0.052380,0.797029
-425.15493774,-112.74182892,479.95932007,146.000000,121.000000,105.000000,0.564152,-0.043396,0.824530
-423.79107666,-112.66068268,478.93011475,152.000000,124.000000,105.000000,0.577581,-0.040557,0.815326
-422.84524536,-114.99691772,477.47482300,138.000000,119.000000,96.000000,0.591008,0.001365,0.806665
-426.75430298,-114.75289154,479.01663208,150.000000,123.000000,103.000000,0.555009,-0.004071,0.831835
-425.03869629,-111.61309814,479.58230591,143.000000,104.000000,93.000000,0.570214,-0.060842,0.819240
-419.98464966,-112.51910400,475.64260864,115.000000,101.000000,81.000000,0.608069,-0.049609,0.792333
-423.64608765,-113.70522308,478.56439209,147.000000,112.000000,102.000000,0.576361,-0.023497,0.816857
-424.25241089,-114.80803680,478.27203369,138.000000,96.000000,84.000000,0.572458,0.001360,0.819933
-422.73843384,-111.24377441,478.17947388,142.000000,116.000000,99.000000,0.589047,-0.049440,0.806585
-420.98809814,-115.71146393,475.13577271,135.000000,108.000000,91.000000,0.624729,-0.020871,0.780563
-424.26278687,-112.96997070,479.26586914,152.000000,124.000000,103.000000,0.571901,-0.034787,0.819585
-421.88052368,-111.76197052,477.48623657,127.000000,107.000000,79.000000,0.592798,-0.046466,0.804009
-422.50381470,-115.13223267,477.33432007,135.000000,108.000000,94.000000,0.595391,-0.001369,0.803435
-421.00146484,-114.07725525,476.18530273,126.000000,98.000000,82.000000,0.609733,-0.032239,0.791951
-425.69009399,-114.31476593,479.19372559,136.000000,106.000000,91.000000,0.561893,-0.012304,0.827118
-421.79461670,-113.08252716,477.45132446,124.000000,100.000000,81.000000,0.594028,-0.034943,0.803685
-418.97430420,-111.40599060,475.20223999,127.000000,96.000000,82.000000,0.604199,-0.058287,0.794699
-423.14083862,-110.55023956,478.34054565,147.000000,128.000000,103.000000,0.587024,-0.055166,0.807688
-423.15917969,-113.21830750,478.30850220,142.000000,127.000000,100.000000,0.583358,-0.029238,0.811689
-420.88580322,-115.74542999,474.87579346,150.000000,121.000000,99.000000,0.626049,-0.023703,0.779424
-421.89434814,-110.67114258,477.50122070,135.000000,106.000000,92.000000,0.597313,-0.046599,0.800653
-420.02896118,-112.15345001,475.77810669,119.000000,91.000000,74.000000,0.606705,-0.049498,0.793384
-422.78897095,-114.12648773,477.90960693,146.000000,129.000000,111.000000,0.585072,-0.015143,0.810840
-424.44567871,-110.49397278,479.05029297,146.000000,117.000000,103.000000,0.581227,-0.061107,0.811444
-421.19641113,-114.32464600,476.57189941,120.000000,88.000000,72.000000,0.608933,-0.023688,0.792868
-421.98641968,-115.67860413,477.17514038,138.000000,106.000000,90.000000,0.605905,0.006870,0.795508
-422.08236694,-113.42586517,477.67523193,135.000000,112.000000,94.000000,0.591473,-0.029226,0.805795
-421.50338745,-115.08478546,477.04336548,120.000000,107.000000,90.000000,0.610281,-0.009643,0.792126
-418.69537354,-112.14794922,474.94235229,120.000000,87.000000,75.000000,0.608737,-0.058450,0.791216
-425.43753052,-110.91146088,479.96652222,138.000000,117.000000,95.000000,0.570633,-0.069728,0.818239
-419.96557617,-113.01180267,475.40203857,132.000000,103.000000,90.000000,0.609851,-0.049524,0.790967
-426.74871826,-114.99495697,478.73855591,139.000000,120.000000,103.000000,0.555013,0.001357,0.831841
-422.74395752,-112.12449646,478.14224243,127.000000,94.000000,85.000000,0.586450,-0.046410,0.808654
-425.23989868,-114.19213867,479.18899536,136.000000,106.000000,91.000000,0.564423,-0.015106,0.825348
-419.20031738,-111.79308319,475.31765747,123.000000,80.000000,67.000000,0.606097,-0.055358,0.793462
-426.13406372,-114.42478943,479.20422363,141.000000,107.000000,95.000000,0.557503,-0.009542,0.830120
-421.47668457,-111.69963837,477.18472290,121.000000,87.000000,78.000000,0.595964,-0.046494,0.801664
-420.52444458,-112.94999695,475.82446289,135.000000,105.000000,89.000000,0.606788,-0.046676,0.793492
-421.82101440,-112.04253387,477.40899658,115.000000,82.000000,70.000000,0.592874,-0.043656,0.804111
-425.51412964,-112.20395660,480.24432373,150.000000,123.000000,105.000000,0.564539,-0.054905,0.823579
-425.81665039,-113.43061829,480.17813110,153.000000,127.000000,106.000000,0.559212,-0.031915,0.828410
-423.62695313,-110.38182068,478.65475464,146.000000,120.000000,99.000000,0.585071,-0.058082,0.808900
-425.97146606,-114.47486115,479.08038330,141.000000,107.000000,95.000000,0.558767,-0.009563,0.829270
-419.45196533,-111.95864868,475.46514893,116.000000,76.000000,66.000000,0.606190,-0.052527,0.793584
-423.65380859,-115.72164154,477.30639648,141.000000,123.000000,102.000000,0.587665,0.017976,0.808904
-422.84417725,-109.85279083,478.14941406,139.000000,123.000000,105.000000,0.593404,-0.055233,0.803007
-422.77444458,-110.48171997,478.09048462,142.000000,121.000000,100.000000,0.592146,-0.052290,0.804132
-421.42135620,-111.33282471,477.16983032,126.000000,115.000000,91.000000,0.597313,-0.046599,0.800653
-421.97283936,-111.42664337,477.56774902,127.000000,110.000000,96.000000,0.592798,-0.046466,0.804009
-420.44955444,-116.58341980,474.64151001,143.000000,116.000000,96.000000,0.638603,-0.015304,0.769384
-420.77694702,-114.34278870,475.32812500,153.000000,117.000000,101.000000,0.617190,-0.037959,0.785898
-420.57846069,-113.25263214,475.70254517,135.000000,126.000000,104.000000,0.608648,-0.043777,0.792231
-426.16510010,-114.98354340,478.57183838,147.000000,114.000000,101.000000,0.558138,0.004074,0.829738
-421.15625000,-116.26211548,476.42404175,124.000000,119.000000,97.000000,0.624185,0.004134,0.781265
-425.62173462,-114.80372620,478.63491821,134.000000,98.000000,92.000000,0.563126,-0.001357,0.826370
-425.30389404,-111.61828613,479.88345337,139.000000,120.000000,101.000000,0.568299,-0.060940,0.820562
-420.68078613,-111.36095428,476.47366333,120.000000,91.000000,76.000000,0.600477,-0.046625,0.798281
-420.21456909,-114.01892853,475.13842773,150.000000,123.000000,106.000000,0.616207,-0.046747,0.786196
-420.95755005,-112.74483490,476.53536987,108.000000,71.000000,62.000000,0.602869,-0.040753,0.796799
-423.20513916,-114.83906555,477.67337036,142.000000,108.000000,91.000000,0.584843,-0.001363,0.811146
-423.39987183,-112.12059784,478.62875366,147.000000,121.000000,99.000000,0.581409,-0.046456,0.812284
-420.65777588,-110.61510468,476.52728271,132.000000,115.000000,96.000000,0.600396,-0.049444,0.798173
-424.12002563,-114.85108948,478.15521240,123.000000,99.000000,82.000000,0.573736,0.001363,0.819039
-423.89828491,-114.98228455,477.87158203,127.000000,99.000000,83.000000,0.576293,0.006844,0.817214
-424.23635864,-110.80741882,478.84506226,141.000000,126.000000,102.000000,0.579889,-0.060966,0.812411
-419.36734009,-111.53962708,475.47036743,124.000000,91.000000,76.000000,0.606190,-0.052527,0.793584
-421.49850464,-114.84446716,477.02658081,132.000000,98.000000,83.000000,0.608529,-0.012419,0.793434
-422.36383057,-110.50395203,477.84625244,150.000000,117.000000,100.000000,0.592146,-0.052290,0.804132
-420.23233032,-110.51452637,476.14254761,141.000000,115.000000,100.000000,0.601665,-0.052380,0.797029
-424.50741577,-112.73416138,479.42999268,150.000000,120.000000,101.000000,0.571210,-0.040501,0.819804
-423.96798706,-113.64038849,478.86315918,147.000000,123.000000,105.000000,0.574511,-0.023534,0.818159
-421.01483154,-114.99194336,475.46231079,150.000000,121.000000,107.000000,0.618159,-0.026512,0.785606
-420.97726440,-116.25327301,475.87924194,120.000000,97.000000,75.000000,0.627208,-0.004135,0.778841
-422.58297729,-110.24320221,477.98171997,142.000000,122.000000,106.000000,0.592146,-0.052290,0.804132
-419.11691284,-111.18296051,475.30364990,136.000000,117.000000,93.000000,0.604296,-0.055453,0.794828
-426.14730835,-115.46425629,478.21917725,146.000000,135.000000,114.000000,0.558113,0.015084,0.829628
-423.48443604,-115.05043030,477.61895752,142.000000,108.000000,91.000000,0.584336,0.004105,0.811502
-420.63510132,-112.88988495,476.01113892,124.000000,94.000000,79.000000,0.607289,-0.043680,0.793280
-421.02035522,-116.45278168,476.00933838,120.000000,97.000000,75.000000,0.628881,0.001376,0.777500
-419.77062988,-114.03294373,474.91632080,153.000000,117.000000,99.000000,0.616123,-0.049573,0.786088
-425.19476318,-111.82852936,479.82904053,139.000000,120.000000,101.000000,0.567075,-0.057980,0.821623
-421.24002075,-109.98677826,476.96304321,149.000000,115.000000,103.000000,0.598498,-0.052351,0.799412
-420.07122803,-115.15700531,474.42236328,153.000000,122.000000,105.000000,0.624688,-0.040894,0.779803
-423.76312256,-116.07887268,477.19918823,142.000000,113.000000,91.000000,0.588380,0.026428,0.808153
-425.19744873,-116.07067871,477.61590576,147.000000,129.000000,111.000000,0.566835,0.034818,0.823095
-424.58288574,-112.36103058,479.43301392,143.000000,121.000000,107.000000,0.571808,-0.046363,0.819076
-425.06643677,-110.22982788,479.71286011,139.000000,125.000000,105.000000,0.577233,-0.066988,0.813827
-423.32452393,-113.94549561,478.31427002,146.000000,135.000000,106.000000,0.580102,-0.017913,0.814347
-424.14245605,-112.51541901,479.16854858,151.000000,125.000000,104.000000,0.572453,-0.043389,0.818789
-426.36743164,-114.54886627,479.12417603,141.000000,107.000000,95.000000,0.556256,-0.006800,0.830983
-420.58975220,-114.86052704,474.95587158,153.000000,133.000000,112.000000,0.622081,-0.035106,0.782165
-420.94491577,-113.96852112,476.01727295,126.000000,98.000000,82.000000,0.611030,-0.035117,0.790828
-422.70028687,-110.75107574,478.05905151,139.000000,108.000000,95.000000,0.590306,-0.052377,0.805478
-425.25378418,-111.61118317,479.82739258,139.000000,120.000000,101.000000,0.568299,-0.060940,0.820562
-420.36437988,-115.20658875,474.60391235,152.000000,123.000000,103.000000,0.625166,-0.035122,0.779701
-420.61080933,-110.40040588,476.49401855,132.000000,115.000000,96.000000,0.601752,-0.049556,0.797144
-425.43249512,-114.50786591,478.89968872,134.000000,98.000000,92.000000,0.563790,-0.006826,0.825890
-418.90924072,-110.10706329,475.17788696,150.000000,116.000000,96.000000,0.601752,-0.049556,0.797144
-419.41687012,-113.84146881,474.89059448,153.000000,117.000000,99.000000,0.617408,-0.052515,0.784888
-420.42288208,-113.43468475,475.47567749,135.000000,126.000000,104.000000,0.611707,-0.046620,0.789710
-424.06106567,-113.27431488,479.04040527,150.000000,126.000000,104.000000,0.573871,-0.029180,0.818426
-422.70077515,-110.97843170,478.10125732,139.000000,108.000000,95.000000,0.589047,-0.049440,0.806585
-420.46395874,-113.25119781,475.57626343,135.000000,126.000000,104.000000,0.608571,-0.046596,0.792130
-426.10140991,-114.15266418,479.64071655,139.000000,117.000000,97.000000,0.558088,-0.017826,0.829590
-421.01815796,-110.16870880,476.81195068,149.000000,115.000000,103.000000,0.598584,-0.049528,0.799527
-424.27960205,-112.74552917,479.28225708,152.000000,124.000000,103.000000,0.573149,-0.037652,0.818586
-420.04370117,-114.91094971,474.55844116,153.000000,122.000000,105.000000,0.622964,-0.040966,0.781177
-423.59963989,-111.82829285,478.71215820,150.000000,124.000000,103.000000,0.579463,-0.049346,0.813504
-423.80734253,-113.03144836,478.85848999,146.000000,117.000000,103.000000,0.575129,-0.032029,0.817435
-422.83740234,-112.34598541,478.20410156,139.000000,120.000000,97.000000,0.585192,-0.043504,0.809727
-423.55126953,-115.91296387,477.22595215,142.000000,114.000000,99.000000,0.588951,0.020786,0.807902
-421.15872192,-113.78627014,476.59976196,131.000000,109.000000,91.000000,0.605267,-0.032150,0.795373
-420.12005615,-115.58148956,474.25601196,152.000000,115.000000,101.000000,0.629553,-0.038027,0.776026
-421.07705688,-115.20941925,476.21981812,124.000000,90.000000,78.000000,0.615571,-0.018064,0.787875
-424.71197510,-111.65220642,479.28713989,147.000000,114.000000,93.000000,0.572215,-0.057928,0.818055
-420.58593750,-109.97378540,476.44332886,139.000000,119.000000,97.000000,0.601752,-0.049556,0.797144
-424.63165283,-114.84675598,478.36703491,131.000000,96.000000,90.000000,0.567510,0.001361,0.823366
-423.56222534,-109.89172363,478.67651367,150.000000,123.000000,103.000000,0.588273,-0.058119,0.806571
-424.68002319,-111.68495178,479.28317261,147.000000,114.000000,93.000000,0.572215,-0.057928,0.818055
-421.09408569,-112.41273499,476.76776123,99.000000,70.000000,61.000000,0.601075,-0.040822,0.798149
-423.99337769,-114.81501770,478.12820435,123.000000,99.000000,82.000000,0.576843,0.001364,0.816854
-421.02416992,-116.13237762,476.08087158,120.000000,110.000000,84.000000,0.625863,-0.004127,0.779922
-426.86898804,-115.70700073,478.34008789,153.000000,127.000000,105.000000,0.554231,0.023379,0.832034
-421.15695190,-111.35772705,476.98403931,124.000000,106.000000,88.000000,0.599125,-0.046520,0.799303
-422.96240234,-110.62244415,478.20541382,147.000000,128.000000,103.000000,0.590306,-0.052377,0.805478
-424.71051025,-109.65853119,479.52246094,131.000000,117.000000,99.000000,0.582357,-0.066921,0.810174
-423.37533569,-111.61267853,478.58273315,147.000000,123.000000,100.000000,0.582579,-0.052192,0.811097
-424.39157104,-113.20913696,479.33963013,142.000000,124.000000,103.000000,0.568774,-0.031985,0.821872
-427.21865845,-115.89526367,478.43020630,153.000000,127.000000,105.000000,0.551592,0.029031,0.833609
-421.87341309,-113.98438263,477.44769287,138.000000,110.000000,93.000000,0.596986,-0.020777,0.801983
-419.93231201,-110.68526459,475.86508179,139.000000,114.000000,96.000000,0.601665,-0.052380,0.797029
-418.84542847,-111.67794800,475.07855225,127.000000,94.000000,70.000000,0.605566,-0.058419,0.793648
-424.79687500,-110.32071686,479.39773560,146.000000,112.000000,100.000000,0.579237,-0.064043,0.812640
-418.72085571,-111.96057129,474.96276855,124.000000,87.000000,72.000000,0.607366,-0.058319,0.792279
-421.27737427,-112.24583435,476.96029663,94.000000,69.000000,60.000000,0.597853,-0.043608,0.800419
-422.31072998,-112.37653351,477.77642822,138.000000,115.000000,89.000000,0.588435,-0.040727,0.807518
-424.96994019,-114.06108093,479.22680664,138.000000,108.000000,91.000000,0.565679,-0.017893,0.824432
-421.06921387,-114.72454071,475.90026855,127.000000,103.000000,88.000000,0.615119,-0.023712,0.788078
-421.01254272,-116.31703949,476.03668213,120.000000,97.000000,75.000000,0.627537,-0.001373,0.778585
-420.80484009,-113.57458496,475.89959717,139.000000,106.000000,93.000000,0.609135,-0.040797,0.792016
-420.01904297,-114.14501953,474.97384644,150.000000,123.000000,106.000000,0.616207,-0.046747,0.786196
-421.05258179,-114.42806244,476.00378418,124.000000,90.000000,73.000000,0.611542,-0.029388,0.790666
-422.31219482,-113.91967773,477.70349121,146.000000,119.000000,102.000000,0.590788,-0.017987,0.806626
-421.03234863,-114.61318970,475.67181396,139.000000,110.000000,90.000000,0.614644,-0.029402,0.788256
-424.47784424,-115.82070923,477.42584229,142.000000,130.000000,109.000000,0.574471,0.026301,0.818102
-424.56777954,-109.97838593,479.36975098,146.000000,118.000000,99.000000,0.582466,-0.064085,0.810325
-422.43893433,-112.78223419,477.88290405,136.000000,117.000000,94.000000,0.589059,-0.034980,0.807333
-425.66564941,-115.69743347,477.96041870,142.000000,130.000000,106.000000,0.561853,0.023468,0.826904
-426.42639160,-114.33988190,479.49813843,139.000000,117.000000,97.000000,0.556866,-0.012314,0.830511
-423.20858765,-111.04777527,478.43203735,150.000000,118.000000,99.000000,0.585773,-0.052226,0.808791
-420.42379761,-115.38400269,474.55346680,152.000000,123.000000,103.000000,0.625166,-0.035122,0.779701
-419.81161499,-110.53448486,475.79034424,139.000000,117.000000,97.000000,0.601665,-0.052380,0.797029
-421.00750732,-115.86556244,475.70501709,112.000000,76.000000,70.000000,0.623822,-0.009682,0.781506
-421.03717041,-115.54858398,475.37469482,135.000000,108.000000,91.000000,0.621705,-0.018081,0.783043
-420.94625854,-115.23317719,475.17086792,147.000000,115.000000,96.000000,0.621235,-0.026525,0.783175
-424.51937866,-114.20803070,478.95895386,139.000000,107.000000,96.000000,0.569452,-0.012350,0.821932
-421.09848022,-114.88085938,476.23889160,127.000000,97.000000,82.000000,0.612460,-0.020832,0.790227
-422.61267090,-111.64701080,478.07287598,135.000000,112.000000,88.000000,0.587707,-0.049328,0.807569
-424.44869995,-115.17427826,477.89602661,123.000000,99.000000,82.000000,0.571319,0.009590,0.820672
-422.88961792,-114.52400970,477.74914551,131.000000,112.000000,100.000000,0.585627,-0.006857,0.810552
-420.29690552,-111.90879822,476.03869629,108.000000,85.000000,67.000000,0.603636,-0.046651,0.795894
-421.95657349,-114.44803619,477.37860107,135.000000,117.000000,100.000000,0.598824,-0.015213,0.800736
-420.38192749,-111.21925354,476.18139648,127.000000,90.000000,79.000000,0.601752,-0.049556,0.797144
-420.01287842,-110.83842468,475.90902710,139.000000,114.000000,96.000000,0.601752,-0.049556,0.797144
-424.93484497,-115.94183350,477.55374146,147.000000,129.000000,111.000000,0.567476,0.031912,0.822771
-420.81555176,-116.43483734,475.16094971,142.000000,99.000000,84.000000,0.634562,-0.009677,0.772811
-425.31634521,-113.11338806,479.98223877,147.000000,115.000000,105.000000,0.563643,-0.034793,0.825285
-425.35827637,-112.08016968,480.05294800,150.000000,123.000000,105.000000,0.565850,-0.055033,0.822670
-425.19436646,-110.41536713,479.78869629,142.000000,117.000000,96.000000,0.573879,-0.069777,0.815962
-423.74282837,-114.56296539,478.25180054,139.000000,108.000000,89.000000,0.576839,-0.004091,0.816848
-423.14746094,-112.24919128,478.46014404,147.000000,126.000000,108.000000,0.582015,-0.043476,0.812015
-422.06344604,-111.26674652,477.63818359,127.000000,110.000000,96.000000,0.590887,-0.049358,0.805243
-421.69827271,-114.09886169,477.29067993,127.000000,119.000000,100.000000,0.600092,-0.020788,0.799661
-420.96078491,-113.88211823,476.16787720,126.000000,98.000000,82.000000,0.607909,-0.035099,0.793230
-421.71383667,-115.40322876,477.13723755,135.000000,109.000000,90.000000,0.609379,-0.001369,0.792878
-420.63153076,-113.44573975,475.68869019,135.000000,126.000000,104.000000,0.610422,-0.043702,0.790870
-424.91452026,-110.25774384,479.55563354,146.000000,112.000000,100.000000,0.577233,-0.066988,0.813827
-425.15435791,-114.65697479,478.69750977,139.000000,99.000000,88.000000,0.565656,-0.004089,0.824631
-425.26141357,-111.39395142,479.76550293,142.000000,110.000000,96.000000,0.569522,-0.063911,0.819487
-420.37930298,-111.03488922,476.20904541,138.000000,114.000000,93.000000,0.602279,-0.046546,0.796927
-424.57037354,-113.64156342,479.32238770,135.000000,121.000000,104.000000,0.568151,-0.026265,0.822505
-421.64816284,-110.30342102,477.30691528,131.000000,103.000000,89.000000,0.597232,-0.049416,0.800545
-421.95672607,-113.28801727,477.59555054,128.000000,109.000000,92.000000,0.592802,-0.029291,0.804816
-425.77923584,-113.99549103,479.66531372,139.000000,117.000000,97.000000,0.559360,-0.017867,0.828732
-419.74752808,-110.23555756,475.75399780,138.000000,123.000000,100.000000,0.601752,-0.049556,0.797144
-419.46844482,-113.25133514,475.13635254,138.000000,114.000000,93.000000,0.614272,-0.052490,0.787347
-423.33285522,-111.93669128,478.57214355,147.000000,121.000000,99.000000,0.581331,-0.049265,0.812174
-423.13351440,-112.48352051,478.43585205,153.000000,121.000000,102.000000,0.582083,-0.040676,0.812111
-425.29473877,-113.68559265,479.68249512,143.000000,119.000000,104.000000,0.563738,-0.023432,0.825621
-426.00747681,-115.94210052,477.99862671,147.000000,130.000000,112.000000,0.557928,0.031842,0.829278
-420.52380371,-116.26419067,474.45349121,146.000000,124.000000,106.000000,0.635186,-0.023732,0.771995
-420.82452393,-112.09461212,476.54745483,101.000000,79.000000,66.000000,0.602356,-0.043731,0.797029
-420.00921631,-111.10524750,475.88217163,130.000000,109.000000,87.000000,0.601752,-0.049556,0.797144
-421.23715210,-112.66786957,476.86776733,108.000000,73.000000,58.000000,0.599727,-0.040731,0.799168
-421.25640869,-112.97880554,476.89837646,119.000000,82.000000,67.000000,0.599793,-0.037926,0.799256
-423.78045654,-114.19070435,478.55844116,150.000000,121.000000,108.000000,0.575722,-0.012366,0.817552
-425.09475708,-111.69904327,479.68450928,139.000000,120.000000,101.000000,0.568989,-0.057887,0.820305
-421.82330322,-110.13538361,477.43527222,142.000000,110.000000,94.000000,0.595411,-0.049500,0.801895
-424.98898315,-111.16252136,479.30334473,142.000000,103.000000,90.000000,0.572765,-0.063956,0.817221
-420.81652832,-112.77389526,476.34259033,119.000000,84.000000,71.000000,0.604149,-0.043656,0.795674
-424.43429565,-113.10365295,479.37594604,150.000000,130.000000,108.000000,0.568721,-0.034763,0.821795
-425.11987305,-110.78003693,479.48852539,142.000000,108.000000,94.000000,0.573991,-0.066942,0.816121
-420.69564819,-111.84023285,476.43057251,101.000000,87.000000,70.000000,0.602279,-0.046546,0.796927
-423.94757080,-114.54863739,478.39086914,138.000000,117.000000,96.000000,0.576839,-0.004091,0.816848
-422.25143433,-113.16834259,477.77703857,128.000000,109.000000,92.000000,0.589659,-0.029274,0.807122
-422.33294678,-115.44844818,477.24472046,138.000000,106.000000,90.000000,0.601528,0.004111,0.798841
-425.67794800,-115.43074799,478.12908936,142.000000,130.000000,106.000000,0.561244,0.017839,0.827458
-425.17358398,-111.35950470,479.63516235,142.000000,110.000000,96.000000,0.569522,-0.063911,0.819487
-424.37088013,-110.10818481,479.17907715,146.000000,124.000000,97.000000,0.581124,-0.063938,0.811300
-423.10366821,-113.19995117,478.27743530,142.000000,127.000000,100.000000,0.583358,-0.029238,0.811689
-421.37490845,-113.84615326,476.92041016,132.000000,123.000000,97.000000,0.602198,-0.029341,0.797807
-425.48721313,-114.94283295,478.47473145,139.000000,121.000000,102.000000,0.564387,0.004080,0.825500
-419.18109131,-112.71712494,475.15420532,132.000000,112.000000,97.000000,0.612407,-0.055415,0.788598
-418.69793701,-112.40289307,474.93804932,127.000000,105.000000,91.000000,0.610527,-0.058349,0.789843
-424.36471558,-110.71415710,478.92501831,146.000000,117.000000,103.000000,0.579889,-0.060966,0.812411
-420.70303345,-112.39903259,476.33889771,106.000000,73.000000,61.000000,0.604149,-0.043656,0.795674
-418.95809937,-112.52441406,475.07656860,127.000000,109.000000,89.000000,0.610626,-0.055511,0.789971
-425.18893433,-112.37677765,479.93807983,147.000000,136.000000,108.000000,0.566618,-0.049210,0.822510
-421.00134277,-115.93195343,475.71554565,112.000000,76.000000,70.000000,0.625507,-0.009666,0.780158
-420.86816406,-116.19016266,474.94198608,135.000000,120.000000,99.000000,0.632558,-0.015293,0.774362
-425.18322754,-110.96036530,479.53640747,142.000000,103.000000,90.000000,0.572659,-0.066786,0.817069
-423.37918091,-112.97596741,478.55874634,147.000000,123.000000,106.000000,0.581467,-0.032071,0.812938
-426.34466553,-114.99317932,478.61578369,147.000000,114.000000,101.000000,0.555009,0.004071,0.831835
-421.32543945,-113.64846039,476.91311646,127.000000,103.000000,90.000000,0.602146,-0.032133,0.797739
-419.55288696,-110.40077209,475.58023071,135.000000,121.000000,94.000000,0.599854,-0.052469,0.798387
-424.92218018,-112.26025391,479.66369629,150.000000,120.000000,102.000000,0.566537,-0.052015,0.822393
-423.14651489,-115.07006836,477.50125122,138.000000,119.000000,96.000000,0.587434,0.004108,0.809262
-424.53973389,-111.36114502,479.04556274,142.000000,123.000000,100.000000,0.573443,-0.060884,0.816980
-426.89486694,-115.93181610,478.29364014,153.000000,127.000000,105.000000,0.554785,0.029054,0.831486
-423.00744629,-109.70372772,478.24603271,139.000000,123.000000,105.000000,0.591564,-0.055326,0.804357
-419.65515137,-113.61908722,475.08190918,147.000000,119.000000,105.000000,0.614361,-0.049660,0.787461
-424.80056763,-113.46520996,479.53543091,146.000000,121.000000,105.000000,0.566231,-0.029073,0.823734
-425.23458862,-109.64366150,480.04727173,136.000000,112.000000,95.000000,0.579688,-0.072998,0.811563
-424.85595703,-115.06266022,478.18746948,131.000000,96.000000,90.000000,0.566921,0.006830,0.823744
-419.53353882,-110.19780731,475.57974243,142.000000,113.000000,95.000000,0.601665,-0.052380,0.797029
-421.74133301,-114.55376434,477.22940063,132.000000,108.000000,92.000000,0.600593,-0.015187,0.799410
-419.26589966,-113.65724945,474.91601563,137.000000,121.000000,99.000000,0.618785,-0.052632,0.783795
-419.80963135,-113.57083130,475.14743042,142.000000,115.000000,99.000000,0.614361,-0.049660,0.787461
-421.75628662,-111.37399292,477.41232300,132.000000,114.000000,96.000000,0.594143,-0.046572,0.803010
-420.93591309,-114.72773743,475.39993286,152.000000,129.000000,108.000000,0.617740,-0.029416,0.785832
-423.57019043,-114.86202240,477.83538818,127.000000,99.000000,83.000000,0.579946,0.001365,0.814654
-420.33502197,-115.37039185,474.47943115,150.000000,117.000000,100.000000,0.626538,-0.035199,0.778596
-421.67895508,-113.75553894,477.33825684,138.000000,110.000000,93.000000,0.596490,-0.023637,0.802272
-420.93588257,-115.55335999,474.98107910,153.000000,120.000000,101.000000,0.624349,-0.023745,0.780785
-421.36108398,-110.88809204,477.10327148,135.000000,103.000000,91.000000,0.597313,-0.046599,0.800653
-422.93392944,-114.82213593,477.58749390,138.000000,119.000000,96.000000,0.589227,-0.001367,0.807966
-425.42037964,-112.15496826,480.13449097,150.000000,123.000000,105.000000,0.564539,-0.054905,0.823579
-425.16860962,-113.72658539,479.57583618,146.000000,121.000000,105.000000,0.565023,-0.023485,0.824741
-421.44891357,-113.40057373,477.11315918,127.000000,112.000000,91.000000,0.599020,-0.032115,0.800090
-420.59741211,-111.09976196,476.40423584,120.000000,91.000000,76.000000,0.600477,-0.046625,0.798281
-420.01263428,-113.12937927,475.36682129,142.000000,128.000000,106.000000,0.611218,-0.049635,0.789904
-421.97375488,-112.37680054,477.51556396,128.000000,101.000000,81.000000,0.591603,-0.040752,0.805199
-425.93649292,-115.52757263,478.12875366,146.000000,135.000000,114.000000,0.559360,0.017867,0.828732
-423.82144165,-111.98252106,478.86486816,153.000000,129.000000,109.000000,0.576258,-0.049313,0.815779
-425.22601318,-112.17055511,479.92395020,142.000000,122.000000,101.000000,0.567764,-0.054945,0.821356
-425.03225708,-110.78645325,479.35989380,142.000000,108.000000,94.000000,0.573991,-0.066942,0.816121
-426.88357544,-114.67005157,479.21270752,145.000000,111.000000,99.000000,0.554373,-0.006810,0.832241
-422.21530151,-114.15245056,477.59216309,146.000000,119.000000,102.000000,0.592612,-0.015195,0.805345
-425.20465088,-115.77460480,477.74996948,138.000000,109.000000,99.000000,0.566231,0.029073,0.823734
-422.48425293,-113.57446289,477.87332153,145.000000,128.000000,103.000000,0.587100,-0.023595,0.809171
-421.18106079,-115.91806030,476.53793335,123.000000,105.000000,90.000000,0.621510,-0.001372,0.783405
-419.76818848,-110.36266327,475.76422119,139.000000,117.000000,97.000000,0.601665,-0.052380,0.797029
-425.68823242,-113.57963562,480.00085449,138.000000,115.000000,104.000000,0.559921,-0.026268,0.828130
-423.09933472,-115.72043610,477.23300171,142.000000,114.000000,99.000000,0.594400,0.015170,0.804026
-421.36312866,-115.55581665,476.87976074,124.000000,110.000000,93.000000,0.613750,-0.001373,0.789499
-422.04318237,-110.25121307,477.60116577,149.000000,115.000000,99.000000,0.595411,-0.049500,0.801895
-425.47604370,-115.52385712,477.99807739,142.000000,115.000000,100.000000,0.563772,0.020676,0.825671
-425.61370850,-113.03158569,480.23342896,146.000000,120.000000,105.000000,0.561683,-0.037631,0.826496
-423.97058105,-110.12419128,478.90954590,149.000000,115.000000,103.000000,0.584447,-0.061147,0.809125
-422.04708862,-111.93744659,477.60263062,124.000000,87.000000,75.000000,0.592874,-0.043656,0.804111
-420.48159790,-111.82602692,476.20928955,115.000000,85.000000,73.000000,0.603636,-0.046651,0.795894
-420.40725708,-109.95899200,476.31967163,139.000000,119.000000,97.000000,0.601752,-0.049556,0.797144
-423.73440552,-111.42347717,478.74291992,143.000000,114.000000,94.000000,0.580623,-0.055096,0.812307
-421.50109863,-112.96401215,477.15481567,112.000000,88.000000,67.000000,0.598448,-0.037841,0.800267
-421.86648560,-109.96972656,477.46096802,142.000000,110.000000,94.000000,0.596677,-0.052440,0.800766
-422.45205688,-113.96011353,477.76727295,142.000000,126.000000,105.000000,0.589472,-0.017946,0.807590
-424.06164551,-115.13275146,477.79589844,123.000000,99.000000,82.000000,0.576280,0.009582,0.817196
-425.62918091,-115.77636719,477.90957642,142.000000,130.000000,106.000000,0.563099,0.026287,0.825971
-424.75601196,-110.55027008,479.21606445,146.000000,112.000000,96.000000,0.577899,-0.063896,0.813603
-420.24114990,-110.02746582,476.20761108,141.000000,109.000000,99.000000,0.601752,-0.049556,0.797144
-421.30035400,-113.78190613,476.82431030,132.000000,123.000000,97.000000,0.602146,-0.032133,0.797739
-421.17800903,-114.50463104,476.50332642,120.000000,88.000000,72.000000,0.610682,-0.023648,0.791522
-423.50213623,-112.77597046,478.69052124,150.000000,120.000000,104.000000,0.579503,-0.037703,0.814097
-426.19259644,-115.23380280,478.37707520,146.000000,130.000000,111.000000,0.557503,0.009542,0.830120
-422.88699341,-115.89313507,477.18701172,138.000000,121.000000,102.000000,0.598824,0.015213,0.800736
-424.20965576,-113.37807465,479.14871216,142.000000,124.000000,103.000000,0.572568,-0.029114,0.819340
-420.33737183,-111.41717529,476.11874390,127.000000,90.000000,79.000000,0.603554,-0.049472,0.795786
-424.15780640,-116.20461273,477.22946167,136.000000,126.000000,100.000000,0.581467,0.032071,0.812938
-424.28796387,-115.56832123,477.51263428,135.000000,108.000000,99.000000,0.575128,0.017930,0.817867
-423.33843994,-115.80483246,477.23303223,142.000000,114.000000,99.000000,0.590788,0.017987,0.806626
-425.25512695,-115.46159363,477.96591187,142.000000,115.000000,100.000000,0.565679,0.017893,0.824432
-419.48760986,-113.98041534,474.83551025,153.000000,117.000000,99.000000,0.617408,-0.052515,0.784888
-421.68984985,-115.85482788,477.08627319,138.000000,110.000000,90.000000,0.612020,0.006877,0.790812
-426.82977295,-115.59145355,478.36380005,153.000000,127.000000,105.000000,0.553028,0.017840,0.832972
-421.94671631,-114.29395294,477.42007446,135.000000,117.000000,100.000000,0.597499,-0.015179,0.801726
-420.35610962,-113.54296112,475.38009644,149.000000,141.000000,108.000000,0.611707,-0.046620,0.789710
-424.02056885,-110.48484039,478.82196045,150.000000,133.000000,109.000000,0.583104,-0.061006,0.810103
-420.87219238,-114.53528595,475.34570313,152.000000,129.000000,108.000000,0.615891,-0.035074,0.787050
-424.64706421,-113.01342773,479.52661133,150.000000,120.000000,101.000000,0.566778,-0.037600,0.823012
-422.33163452,-110.54285431,477.82482910,150.000000,117.000000,100.000000,0.592232,-0.049470,0.804248
-422.66708374,-112.65070343,478.03509521,147.000000,126.000000,104.000000,0.585839,-0.037751,0.809548
-424.06637573,-113.45803833,479.00366211,147.000000,123.000000,105.000000,0.572612,-0.026343,0.819403
-421.54498291,-110.57244873,477.24728394,135.000000,110.000000,100.000000,0.597232,-0.049416,0.800545
-421.10931396,-111.70360565,476.88153076,109.000000,82.000000,70.000000,0.599125,-0.046520,0.799303
-422.91552734,-110.18019867,478.19036865,152.000000,125.000000,106.000000,0.590306,-0.052377,0.805478
-424.82775879,-115.00601959,478.24566650,131.000000,96.000000,90.000000,0.568780,0.004092,0.822480
-421.25555420,-116.23862457,476.60275269,124.000000,119.000000,97.000000,0.624185,0.004134,0.781265
-423.24172974,-110.45459747,478.42205811,150.000000,120.000000,105.000000,0.588367,-0.055292,0.806701
-421.16506958,-113.41114807,476.75042725,131.000000,116.000000,97.000000,0.601649,-0.035061,0.797991
-425.18121338,-111.98990631,479.84133911,142.000000,122.000000,101.000000,0.565850,-0.055033,0.822670
-420.99917603,-111.28706360,476.84744263,124.000000,106.000000,88.000000,0.600477,-0.046625,0.798281
-423.05804443,-110.53562927,478.27822876,147.000000,128.000000,103.000000,0.590306,-0.052377,0.805478
-421.15930176,-111.14913940,476.99200439,124.000000,106.000000,88.000000,0.599125,-0.046520,0.799303
-425.51147461,-113.43216705,479.98022461,138.000000,112.000000,102.000000,0.561162,-0.029097,0.827194
-418.83911133,-110.47133636,475.11785889,138.000000,115.000000,96.000000,0.601665,-0.052380,0.797029
-421.13049316,-114.07161713,476.51025391,131.000000,109.000000,91.000000,0.605319,-0.029357,0.795442
-422.33752441,-114.02313232,477.68600464,146.000000,119.000000,102.000000,0.589472,-0.017946,0.807590
-421.90304565,-113.36185455,477.54855347,121.000000,109.000000,93.000000,0.592802,-0.029291,0.804816
-418.53735352,-111.60083008,474.85299683,120.000000,91.000000,76.000000,0.603653,-0.061364,0.794882
-420.92095947,-116.25681305,475.28533936,130.000000,96.000000,85.000000,0.631551,-0.009674,0.775274
-424.04888916,-113.96558380,478.81332397,142.000000,121.000000,105.000000,0.573832,-0.017889,0.818777
-421.38827515,-114.96151733,476.88964844,120.000000,107.000000,90.000000,0.609864,-0.012446,0.792408
-422.52539063,-114.39459991,477.64331055,131.000000,112.000000,100.000000,0.590006,-0.012378,0.807304
-422.09140015,-115.07203674,477.26367188,136.000000,106.000000,90.000000,0.601533,-0.001370,0.798847
-427.38513184,-115.42683411,478.71557617,149.000000,124.000000,109.000000,0.551790,0.015061,0.833847
-421.75903320,-115.01222992,477.18881226,134.000000,106.000000,90.000000,0.604161,-0.006881,0.796832
-419.12094116,-112.12660217,475.20574951,123.000000,80.000000,67.000000,0.609255,-0.055387,0.791038
-423.03805542,-111.76099396,478.38299561,142.000000,119.000000,97.000000,0.584522,-0.049297,0.809879
-421.04046631,-115.10456848,475.49804688,127.000000,103.000000,88.000000,0.618202,-0.023723,0.785661
-421.87503052,-116.09760284,477.10214233,138.000000,110.000000,90.000000,0.611597,0.012425,0.791072
-424.19296265,-113.68190002,479.04681396,147.000000,123.000000,105.000000,0.573212,-0.023481,0.819071
-421.09808350,-113.13343811,476.64910889,116.000000,98.000000,82.000000,0.602936,-0.037947,0.796887
-419.59722900,-113.45200348,475.12228394,147.000000,119.000000,105.000000,0.614361,-0.049660,0.787461
-420.65661621,-114.62126923,475.11868286,153.000000,124.000000,108.000000,0.620355,-0.035168,0.783532
-424.23617554,-110.26201630,479.02767944,146.000000,124.000000,97.000000,0.581227,-0.061107,0.811444
-420.15536499,-112.51552582,475.74093628,111.000000,87.000000,73.000000,0.606788,-0.046676,0.793492
-421.56796265,-110.45803833,477.25466919,135.000000,110.000000,100.000000,0.597232,-0.049416,0.800545
-418.22866821,-110.20557404,474.70022583,139.000000,108.000000,94.000000,0.599854,-0.052469,0.798387
-426.53356934,-114.79666901,478.90023804,139.000000,120.000000,103.000000,0.555013,-0.001357,0.831841
-423.51913452,-114.58131409,478.08023071,145.000000,113.000000,91.000000,0.579942,-0.004094,0.814648
-421.89273071,-110.57133484,477.49737549,131.000000,103.000000,89.000000,0.597232,-0.049416,0.800545
-420.75234985,-114.89742279,475.08465576,153.000000,133.000000,112.000000,0.620775,-0.032230,0.783326
-425.88885498,-114.72994995,478.77752686,147.000000,114.000000,101.000000,0.559398,-0.004083,0.828889
-420.00344849,-112.82926178,475.51724243,132.000000,103.000000,90.000000,0.609851,-0.049524,0.790967
-419.41577148,-114.19868469,474.66751099,146.000000,112.000000,103.000000,0.620627,-0.049707,0.782529
-421.09649658,-114.34445953,476.30551147,124.000000,90.000000,73.000000,0.610191,-0.029323,0.791712
-424.62487793,-110.95586395,478.98489380,149.000000,137.000000,116.000000,0.578002,-0.061067,0.813747
-423.05621338,-114.26396942,478.00781250,143.000000,117.000000,102.000000,0.583807,-0.009616,0.811835
-418.81860352,-110.91753387,475.06713867,138.000000,117.000000,99.000000,0.602389,-0.058388,0.796064
-418.50134277,-111.70158386,474.80923462,120.000000,91.000000,76.000000,0.605463,-0.061259,0.793512
-421.06695557,-113.76116943,476.43029785,131.000000,116.000000,97.000000,0.606557,-0.035021,0.794268
-419.95227051,-114.69091797,474.64450073,147.000000,135.000000,110.000000,0.621156,-0.043863,0.782458
-425.69729614,-115.10929108,478.36587524,139.000000,121.000000,102.000000,0.563790,0.006826,0.825890
-421.08251953,-113.08091736,476.62838745,116.000000,98.000000,82.000000,0.602936,-0.037947,0.796887
-423.00711060,-111.54176331,478.36776733,142.000000,119.000000,97.000000,0.585857,-0.049410,0.808907
-419.91305542,-113.92745209,475.03857422,150.000000,123.000000,106.000000,0.616123,-0.049573,0.786088
-424.10626221,-113.53603363,479.02206421,147.000000,123.000000,105.000000,0.574471,-0.026301,0.818102
-421.33447266,-111.32674408,477.10900879,126.000000,115.000000,91.000000,0.599125,-0.046520,0.799303
-426.14056396,-114.69773865,478.88082886,139.000000,120.000000,103.000000,0.558138,-0.004074,0.829738
-422.27966309,-113.28208923,477.79287720,141.000000,118.000000,101.000000,0.589659,-0.029274,0.807122
-420.26809692,-116.00310516,474.26007080,143.000000,123.000000,105.000000,0.633061,-0.032285,0.773429
-420.28421021,-115.93877411,474.27343750,143.000000,123.000000,105.000000,0.633061,-0.032285,0.773429
-419.83651733,-111.73422241,475.74987793,124.000000,100.000000,81.000000,0.604914,-0.049583,0.794746
-419.55679321,-112.93009186,475.25906372,135.000000,108.000000,92.000000,0.612501,-0.052581,0.788719
-423.34713745,-111.37288666,478.54943848,152.000000,117.000000,95.000000,0.583914,-0.052312,0.810128
-421.42755127,-115.33434296,476.95974731,124.000000,110.000000,93.000000,0.612029,-0.004126,0.790824
-425.03857422,-113.97576904,479.32482910,136.000000,106.000000,91.000000,0.565679,-0.017893,0.824432
-421.29400635,-114.97889709,476.73706055,120.000000,107.000000,90.000000,0.611179,-0.015245,0.791345
-416.79339600,-99.48918915,472.97192383,151.000000,119.000000,99.000000,0.616856,0.073333,0.783652
-416.83477783,-97.58552551,472.85696411,153.000000,114.000000,97.000000,0.619511,0.076536,0.781248
-416.65429688,-98.58560181,472.74429321,150.000000,121.000000,96.000000,0.618115,0.076364,0.782370
-417.61026001,-97.21169281,473.39160156,142.000000,117.000000,103.000000,0.618115,0.076364,0.782370
-417.05834961,-97.22769928,472.98443604,152.000000,123.000000,97.000000,0.619511,0.076536,0.781248
-416.69021606,-97.42757416,472.68975830,153.000000,114.000000,97.000000,0.619511,0.076536,0.781248
-416.79187012,-98.56649017,472.87158203,150.000000,121.000000,96.000000,0.618249,0.073498,0.782539
-415.94592285,-97.92961121,472.17715454,142.000000,121.000000,94.000000,0.619511,0.076536,0.781248
-416.96884155,-97.07732391,472.87124634,147.000000,121.000000,100.000000,0.619511,0.076536,0.781248
-415.78942871,-97.08042145,471.97067261,147.000000,120.000000,105.000000,0.619371,0.079407,0.781072
-417.39282227,-97.24114227,473.24887085,151.000000,114.000000,95.000000,0.618115,0.076364,0.782370
-416.89407349,-98.03433228,472.95053101,152.000000,122.000000,101.000000,0.618115,0.076364,0.782370
-417.88647461,-98.60858154,473.80270386,152.000000,120.000000,98.000000,0.616856,0.073333,0.783652
-416.39675903,-99.90058136,472.64215088,147.000000,122.000000,99.000000,0.616856,0.073333,0.783652
-416.51214600,-100.26354980,472.85388184,152.000000,123.000000,99.000000,0.616984,0.070471,0.783814
-417.45614624,-100.16719818,473.58666992,142.000000,123.000000,102.000000,0.616984,0.070471,0.783814
-417.37908936,-98.82881165,473.38400269,150.000000,123.000000,100.000000,0.618249,0.073498,0.782539
-416.26385498,-98.38607788,472.43823242,152.000000,126.000000,99.000000,0.618115,0.076364,0.782370
-416.41131592,-97.18905640,472.44488525,152.000000,118.000000,97.000000,0.619511,0.076536,0.781248
-417.82418823,-99.05899048,473.78921509,152.000000,121.000000,103.000000,0.616856,0.073333,0.783652
-416.32006836,-97.23680878,472.38305664,150.000000,130.000000,102.000000,0.619511,0.076536,0.781248
-415.94915771,-97.66838074,472.15100098,147.000000,117.000000,97.000000,0.619511,0.076536,0.781248
-416.00555420,-98.31965637,472.19488525,150.000000,121.000000,96.000000,0.619511,0.076536,0.781248
-416.30148315,-98.27020264,472.48962402,152.000000,126.000000,99.000000,0.618115,0.076364,0.782370
-417.71896362,-97.95695496,473.59439087,153.000000,120.000000,95.000000,0.618249,0.073498,0.782539
-417.42608643,-98.53982544,473.41213989,150.000000,123.000000,100.000000,0.618249,0.073498,0.782539
-416.93942261,-99.31569672,473.08410645,150.000000,123.000000,100.000000,0.616856,0.073333,0.783652
-417.17193604,-99.94081879,473.34930420,151.000000,120.000000,94.000000,0.616984,0.070471,0.783814
-416.84411621,-100.48401642,473.12249756,147.000000,121.000000,99.000000,0.616984,0.070471,0.783814
-416.39801025,-97.97747803,472.57864380,150.000000,130.000000,100.000000,0.619511,0.076536,0.781248
-416.98916626,-97.84307098,473.01513672,152.000000,119.000000,96.000000,0.618115,0.076364,0.782370
-415.96087646,-97.35807800,472.12643433,147.000000,117.000000,97.000000,0.619371,0.079407,0.781072
-417.52001953,-98.40795135,473.48431396,153.000000,119.000000,97.000000,0.618249,0.073498,0.782539
-416.81686401,-97.48474884,472.82150269,153.000000,114.000000,97.000000,0.619511,0.076536,0.781248
-416.94104004,-99.16618347,473.06854248,150.000000,120.000000,96.000000,0.616856,0.073333,0.783652
-416.90130615,-97.16465759,472.83502197,147.000000,121.000000,100.000000,0.619511,0.076536,0.781248
-416.16311646,-98.19534302,472.36514282,152.000000,126.000000,99.000000,0.619511,0.076536,0.781248
-416.80343628,-98.14862823,472.88439941,150.000000,117.000000,94.000000,0.618115,0.076364,0.782370
-417.30572510,-99.73983765,473.42910767,151.000000,120.000000,94.000000,0.616984,0.070471,0.783814
-416.28848267,-99.73889923,472.48291016,151.000000,119.000000,99.000000,0.616856,0.073333,0.783652
-416.72045898,-99.64959717,472.91165161,150.000000,123.000000,98.000000,0.616856,0.073333,0.783652
-416.33392334,-98.70978546,472.47796631,152.000000,118.000000,99.000000,0.618115,0.076364,0.782370
-416.77078247,-98.47447205,472.84725952,150.000000,117.000000,94.000000,0.618115,0.076364,0.782370
-416.00042725,-98.26698303,472.20495605,150.000000,121.000000,96.000000,0.619511,0.076536,0.781248
-416.67599487,-98.78864288,472.80172729,150.000000,121.000000,96.000000,0.618249,0.073498,0.782539
-416.46569824,-99.41287994,472.62893677,150.000000,121.000000,97.000000,0.618249,0.073498,0.782539
-416.20132446,-97.86541748,472.37768555,146.000000,120.000000,96.000000,0.619511,0.076536,0.781248
-416.30685425,-97.39256287,472.39440918,149.000000,120.000000,95.000000,0.619511,0.076536,0.781248
-415.88052368,-96.96646881,472.03781128,146.000000,119.000000,99.000000,0.619371,0.079407,0.781072
-416.42822266,-97.82578278,472.57012939,150.000000,130.000000,100.000000,0.619511,0.076536,0.781248
-417.15588379,-99.39402771,473.28515625,150.000000,123.000000,100.000000,0.616856,0.073333,0.783652
-416.70568848,-98.48068237,472.78460693,150.000000,117.000000,94.000000,0.618115,0.076364,0.782370
-417.60217285,-99.60569000,473.63668823,153.000000,122.000000,95.000000,0.616984,0.070471,0.783814
-416.45223999,-97.74161530,472.56491089,150.000000,130.000000,100.000000,0.619511,0.076536,0.781248
-416.24716187,-96.90694427,472.29660034,152.000000,114.000000,93.000000,0.619371,0.079407,0.781072
-417.74954224,-98.27817535,473.64132690,153.000000,119.000000,97.000000,0.618249,0.073498,0.782539
-417.35122681,-97.94129944,473.32690430,152.000000,122.000000,101.000000,0.618115,0.076364,0.782370
-416.70086670,-99.22737122,472.87231445,152.000000,116.000000,94.000000,0.618249,0.073498,0.782539
-416.70538330,-99.09808350,472.87344360,152.000000,116.000000,94.000000,0.618249,0.073498,0.782539
-417.29708862,-99.18374634,473.36935425,150.000000,126.000000,98.000000,0.616856,0.073333,0.783652
-416.01489258,-96.95970917,472.13006592,146.000000,119.000000,99.000000,0.619371,0.079407,0.781072
-416.83978271,-99.02592468,472.97799683,152.000000,116.000000,94.000000,0.618249,0.073498,0.782539
-416.50610352,-97.55368805,472.56106567,143.000000,126.000000,96.000000,0.619511,0.076536,0.781248
-416.58255005,-98.18888092,472.72326660,142.000000,126.000000,99.000000,0.618115,0.076364,0.782370
-416.56628418,-100.62581635,472.91860962,147.000000,121.000000,99.000000,0.616984,0.070471,0.783814
-416.17813110,-97.28960419,472.29092407,150.000000,130.000000,102.000000,0.619511,0.076536,0.781248
-416.20700073,-99.06252289,472.30361938,153.000000,116.000000,93.000000,0.618249,0.073498,0.782539
-417.00311279,-98.48339844,473.06750488,151.000000,122.000000,98.000000,0.618249,0.073498,0.782539
-416.51324463,-99.46140289,472.68341064,150.000000,121.000000,97.000000,0.618249,0.073498,0.782539
-416.67266846,-100.26814270,472.97372437,152.000000,127.000000,104.000000,0.616984,0.070471,0.783814
-417.86550903,-98.49089050,473.76730347,153.000000,121.000000,97.000000,0.616856,0.073333,0.783652
-416.83953857,-97.98114014,472.90982056,152.000000,122.000000,101.000000,0.618115,0.076364,0.782370
-417.46163940,-97.47863770,473.33731079,153.000000,120.000000,97.000000,0.618115,0.076364,0.782370
-417.24713135,-97.13929749,473.12582397,152.000000,123.000000,97.000000,0.619511,0.076536,0.781248
-417.18600464,-97.71036530,473.17163086,150.000000,120.000000,100.000000,0.618115,0.076364,0.782370
-415.81970215,-96.95801544,471.98294067,146.000000,119.000000,99.000000,0.619371,0.079407,0.781072
-417.56347656,-98.65578461,473.52728271,153.000000,122.000000,100.000000,0.618249,0.073498,0.782539
-417.33645630,-97.21127319,473.20349121,151.000000,114.000000,95.000000,0.618115,0.076364,0.782370
-417.37322998,-98.09479523,473.35494995,152.000000,122.000000,101.000000,0.618115,0.076364,0.782370
-416.09786987,-97.06909180,472.19946289,150.000000,130.000000,102.000000,0.619371,0.079407,0.781072
-417.38851929,-99.00920105,473.41760254,150.000000,126.000000,98.000000,0.616856,0.073333,0.783652
-417.39447021,-99.14351654,473.44143677,150.000000,126.000000,98.000000,0.616856,0.073333,0.783652
-416.83358765,-97.81850433,472.89678955,152.000000,122.000000,101.000000,0.618115,0.076364,0.782370
-416.39706421,-97.59561157,472.48858643,143.000000,126.000000,96.000000,0.619511,0.076536,0.781248
